datetime,계절,공휴일,근무일,날씨,온도,체감온도,습도,풍속
2011-01-20 0:00,1,0,1,1,10.66,11.365,56,26.0027
2011-01-20 1:00,1,0,1,1,10.66,13.635,56,0
2011-01-20 2:00,1,0,1,1,10.66,13.635,56,0
2011-01-20 3:00,1,0,1,1,10.66,12.88,56,11.0014
2011-01-20 4:00,1,0,1,1,10.66,12.88,56,11.0014
2011-01-20 5:00,1,0,1,1,9.84,11.365,60,15.0013
2011-01-20 6:00,1,0,1,1,9.02,10.605,60,15.0013
2011-01-20 7:00,1,0,1,1,9.02,10.605,55,15.0013
2011-01-20 8:00,1,0,1,1,9.02,10.605,55,19.0012
2011-01-20 9:00,1,0,1,2,9.84,11.365,52,15.0013
2011-01-20 10:00,1,0,1,1,10.66,11.365,48,19.9995
2011-01-20 11:00,1,0,1,2,11.48,13.635,45,11.0014
2011-01-20 12:00,1,0,1,2,12.3,16.665,42,0
2011-01-20 13:00,1,0,1,2,11.48,14.395,45,7.0015
2011-01-20 14:00,1,0,1,2,12.3,15.15,45,8.9981
2011-01-20 15:00,1,0,1,2,13.12,15.91,45,12.998
2011-01-20 16:00,1,0,1,2,12.3,15.15,49,8.9981
2011-01-20 17:00,1,0,1,2,12.3,15.91,49,7.0015
2011-01-20 18:00,1,0,1,2,10.66,12.88,56,12.998
2011-01-20 19:00,1,0,1,1,10.66,11.365,56,22.0028
2011-01-20 20:00,1,0,1,2,10.66,12.12,60,19.0012
2011-01-20 21:00,1,0,1,2,9.84,11.365,60,16.9979
2011-01-20 22:00,1,0,1,2,9.84,10.605,65,19.0012
2011-01-20 23:00,1,0,1,2,9.84,10.605,65,22.0028
2011-01-21 0:00,1,0,1,2,9.84,11.365,70,16.9979
2011-01-21 1:00,1,0,1,2,9.84,11.365,70,16.9979
2011-01-21 2:00,1,0,1,3,9.84,12.12,75,11.0014
2011-01-21 3:00,1,0,1,3,9.02,10.605,80,19.9995
2011-01-21 4:00,1,0,1,2,9.02,12.88,87,6.0032
2011-01-21 5:00,1,0,1,1,9.84,9.85,60,27.9993
2011-01-21 6:00,1,0,1,1,9.02,10.605,55,16.9979
2011-01-21 7:00,1,0,1,1,8.2,9.09,51,19.0012
2011-01-21 8:00,1,0,1,1,8.2,9.09,47,22.0028
2011-01-21 9:00,1,0,1,1,8.2,9.09,51,23.9994
2011-01-21 10:00,1,0,1,1,8.2,8.335,47,31.0009
2011-01-21 11:00,1,0,1,1,9.02,9.09,41,31.0009
2011-01-21 12:00,1,0,1,1,9.02,9.09,27,39.0007
2011-01-21 13:00,1,0,1,1,8.2,7.575,21,39.0007
2011-01-21 14:00,1,0,1,1,8.2,7.575,25,35.0008
2011-01-21 15:00,1,0,1,1,6.56,6.06,26,30.0026
2011-01-21 16:00,1,0,1,1,6.56,6.82,26,23.9994
2011-01-21 17:00,1,0,1,1,5.74,6.06,28,23.9994
2011-01-21 18:00,1,0,1,1,4.92,6.06,30,16.9979
2011-01-21 19:00,1,0,1,1,4.92,5.305,30,22.0028
2011-01-21 20:00,1,0,1,1,4.1,3.79,33,27.9993
2011-01-21 21:00,1,0,1,1,3.28,3.79,38,19.0012
2011-01-21 22:00,1,0,1,1,2.46,1.515,41,26.0027
2011-01-21 23:00,1,0,1,1,2.46,2.275,38,22.0028
2011-01-22 0:00,1,0,0,1,1.64,1.515,45,16.9979
2011-01-22 1:00,1,0,0,2,1.64,0,41,26.0027
2011-01-22 2:00,1,0,0,2,1.64,1.515,41,16.9979
2011-01-22 3:00,1,0,0,2,1.64,1.515,41,19.0012
2011-01-22 4:00,1,0,0,2,0.82,0.76,48,19.9995
2011-01-22 6:00,1,0,0,2,0.82,1.515,44,15.0013
2011-01-22 7:00,1,0,0,1,0.82,0.76,44,19.0012
2011-01-22 8:00,1,0,0,1,0.82,0,44,22.0028
2011-01-22 9:00,1,0,0,1,1.64,1.515,41,16.9979
2011-01-22 10:00,1,0,0,2,1.64,3.03,41,11.0014
2011-01-22 11:00,1,0,0,2,2.46,3.79,38,8.9981
2011-01-22 12:00,1,0,0,2,2.46,5.305,38,7.0015
2011-01-22 13:00,1,0,0,1,3.28,8.335,35,0
2011-01-22 14:00,1,0,0,1,4.1,6.82,33,7.0015
2011-01-22 15:00,1,0,0,1,4.92,7.575,28,0
2011-01-22 16:00,1,0,0,1,4.92,6.82,28,12.998
2011-01-22 17:00,1,0,0,1,4.92,9.85,28,0
2011-01-22 18:00,1,0,0,1,3.28,4.545,35,12.998
2011-01-22 19:00,1,0,0,1,3.28,5.305,35,8.9981
2011-01-22 20:00,1,0,0,1,2.46,3.79,45,11.0014
2011-01-22 21:00,1,0,0,1,2.46,5.305,41,6.0032
2011-01-22 22:00,1,0,0,1,2.46,7.575,49,0
2011-01-22 23:00,1,0,0,1,1.64,3.79,57,7.0015
2011-01-23 0:00,1,0,0,1,1.64,3.79,57,7.0015
2011-01-23 1:00,1,0,0,1,1.64,3.79,57,7.0015
2011-01-23 2:00,1,0,0,1,0.82,3.03,62,8.9981
2011-01-23 3:00,1,0,0,1,0.82,3.03,62,8.9981
2011-01-23 5:00,1,0,0,2,1.64,3.79,57,7.0015
2011-01-23 6:00,1,0,0,2,1.64,3.79,57,7.0015
2011-01-23 7:00,1,0,0,1,3.28,5.305,58,11.0014
2011-01-23 8:00,1,0,0,1,2.46,3.79,62,11.0014
2011-01-23 9:00,1,0,0,1,4.1,3.79,54,23.9994
2011-01-23 10:00,1,0,0,1,5.74,5.305,46,26.0027
2011-01-23 11:00,1,0,0,1,5.74,6.82,43,15.0013
2011-01-23 12:00,1,0,0,1,6.56,6.06,37,31.0009
2011-01-23 13:00,1,0,0,1,5.74,5.305,33,26.0027
2011-01-23 14:00,1,0,0,1,6.56,6.82,28,23.9994
2011-01-23 15:00,1,0,0,1,6.56,6.82,28,23.9994
2011-01-23 16:00,1,0,0,1,6.56,6.82,26,22.0028
2011-01-23 17:00,1,0,0,1,5.74,5.305,26,26.0027
2011-01-23 18:00,1,0,0,1,4.92,6.06,30,16.9979
2011-01-23 19:00,1,0,0,1,4.92,6.06,30,19.0012
2011-01-23 20:00,1,0,0,1,4.1,5.305,36,16.9979
2011-01-23 21:00,1,0,0,1,4.1,5.305,36,12.998
2011-01-23 22:00,1,0,0,1,3.28,4.545,38,12.998
2011-01-23 23:00,1,0,0,1,2.46,3.03,41,15.0013
2011-01-24 0:00,1,0,1,1,2.46,3.03,41,12.998
2011-01-24 1:00,1,0,1,1,1.64,2.275,45,12.998
2011-01-24 3:00,1,0,1,1,1.64,1.515,45,16.9979
2011-01-24 4:00,1,0,1,1,0.82,3.03,48,8.9981
2011-01-24 5:00,1,0,1,1,0.82,3.03,48,8.9981
2011-01-24 6:00,1,0,1,1,0.82,3.79,48,6.0032
2011-01-24 7:00,1,0,1,1,0.82,6.06,48,0
2011-01-24 8:00,1,0,1,1,1.64,6.82,49,0
2011-01-24 9:00,1,0,1,1,2.46,7.575,41,0
2011-01-24 10:00,1,0,1,1,4.1,6.82,42,0
2011-01-24 11:00,1,0,1,1,4.1,6.06,46,8.9981
2011-01-24 12:00,1,0,1,2,4.92,6.82,42,12.998
2011-01-24 13:00,1,0,1,2,5.74,6.82,43,15.0013
2011-01-24 14:00,1,0,1,2,5.74,6.82,46,15.0013
2011-01-24 15:00,1,0,1,1,6.56,8.335,40,11.0014
2011-01-24 16:00,1,0,1,1,6.56,7.575,47,16.9979
2011-01-24 17:00,1,0,1,1,5.74,6.06,50,16.9979
2011-01-24 18:00,1,0,1,1,5.74,6.82,59,12.998
2011-01-24 19:00,1,0,1,1,5.74,7.575,54,11.0014
2011-01-24 20:00,1,0,1,1,5.74,6.82,59,12.998
2011-01-24 21:00,1,0,1,1,5.74,7.575,63,11.0014
2011-01-24 22:00,1,0,1,2,5.74,6.82,63,15.0013
2011-01-24 23:00,1,0,1,2,6.56,7.575,64,16.9979
2011-01-25 0:00,1,0,1,2,6.56,6.82,69,19.0012
2011-01-25 1:00,1,0,1,2,6.56,8.335,69,11.0014
2011-01-25 2:00,1,0,1,1,6.56,7.575,69,15.0013
2011-01-25 4:00,1,0,1,1,5.74,8.335,74,7.0015
2011-01-25 5:00,1,0,1,1,5.74,6.82,74,15.0013
2011-01-25 6:00,1,0,1,1,6.56,9.09,74,7.0015
2011-01-25 7:00,1,0,1,1,6.56,7.575,74,15.0013
2011-01-25 8:00,1,0,1,2,6.56,9.09,74,8.9981
2011-01-25 9:00,1,0,1,2,8.2,11.365,64,6.0032
2011-01-25 10:00,1,0,1,2,9.02,12.12,60,7.0015
2011-01-25 11:00,1,0,1,2,9.84,12.12,60,8.9981
2011-01-25 12:00,1,0,1,2,10.66,14.395,56,6.0032
2011-01-25 13:00,1,0,1,2,10.66,13.635,56,8.9981
2011-01-25 14:00,1,0,1,2,12.3,16.665,45,0
2011-01-25 15:00,1,0,1,2,13.12,17.425,42,0
2011-01-25 16:00,1,0,1,2,13.12,17.425,42,0
2011-01-25 17:00,1,0,1,1,12.3,16.665,45,0
2011-01-25 18:00,1,0,1,2,12.3,15.91,49,6.0032
2011-01-25 19:00,1,0,1,2,10.66,12.88,65,11.0014
2011-01-25 20:00,1,0,1,1,9.84,11.365,65,12.998
2011-01-25 21:00,1,0,1,1,9.84,11.365,65,12.998
2011-01-25 22:00,1,0,1,1,9.02,11.365,64,11.0014
2011-01-25 23:00,1,0,1,2,9.02,11.365,64,11.0014
2011-01-26 0:00,1,0,1,2,9.02,11.365,69,8.9981
2011-01-26 1:00,1,0,1,2,9.84,12.12,65,8.9981
2011-01-26 2:00,1,0,1,3,9.02,11.365,69,12.998
2011-01-26 5:00,1,0,1,3,8.2,9.09,86,19.0012
2011-01-26 6:00,1,0,1,3,8.2,9.09,86,19.0012
2011-01-26 7:00,1,0,1,3,9.02,10.605,87,19.9995
2011-01-26 8:00,1,0,1,3,9.02,10.605,87,19.9995
2011-01-26 9:00,1,0,1,3,9.02,10.605,87,19.9995
2011-01-26 10:00,1,0,1,3,9.02,10.605,93,19.0012
2011-01-26 11:00,1,0,1,3,9.02,9.85,93,22.0028
2011-01-26 12:00,1,0,1,3,9.02,9.85,93,22.0028
2011-01-26 13:00,1,0,1,3,9.02,9.85,93,22.0028
2011-01-26 14:00,1,0,1,3,9.02,9.85,93,23.9994
2011-01-26 15:00,1,0,1,3,9.02,9.09,93,31.0009
2011-01-26 16:00,1,0,1,4,9.02,9.85,93,22.0028
2011-01-26 17:00,1,0,1,3,8.2,9.09,93,23.9994
2011-01-27 16:00,1,0,1,1,9.02,11.365,55,12.998
2011-01-27 17:00,1,0,1,1,9.02,12.12,55,7.0015
2011-01-27 18:00,1,0,1,1,8.2,11.365,69,6.0032
2011-01-27 19:00,1,0,1,1,8.2,11.365,69,6.0032
2011-01-27 20:00,1,0,1,1,7.38,10.605,74,6.0032
2011-01-27 21:00,1,0,1,1,7.38,10.605,74,6.0032
2011-01-27 22:00,1,0,1,1,7.38,10.605,74,6.0032
2011-01-27 23:00,1,0,1,1,7.38,9.85,80,11.0014
2011-01-28 0:00,1,0,1,2,8.2,10.605,75,8.9981
2011-01-28 1:00,1,0,1,2,8.2,10.605,75,8.9981
2011-01-28 2:00,1,0,1,2,8.2,10.605,75,11.0014
2011-01-28 3:00,1,0,1,2,8.2,11.365,75,7.0015
2011-01-28 5:00,1,0,1,2,7.38,10.605,80,7.0015
2011-01-28 6:00,1,0,1,2,7.38,9.85,80,8.9981
2011-01-28 7:00,1,0,1,2,6.56,9.85,86,6.0032
2011-01-28 8:00,1,0,1,2,6.56,9.85,86,6.0032
2011-01-28 9:00,1,0,1,3,7.38,10.605,86,6.0032
2011-01-28 10:00,1,0,1,3,7.38,10.605,86,7.0015
2011-01-28 11:00,1,0,1,3,7.38,10.605,93,7.0015
2011-01-28 12:00,1,0,1,3,7.38,10.605,93,7.0015
2011-01-28 13:00,1,0,1,3,7.38,10.605,93,7.0015
2011-01-28 14:00,1,0,1,3,9.02,13.635,80,0
2011-01-28 15:00,1,0,1,2,8.2,12.88,86,0
2011-01-28 16:00,1,0,1,1,9.02,13.635,80,0
2011-01-28 17:00,1,0,1,1,9.84,12.12,75,8.9981
2011-01-28 18:00,1,0,1,1,9.84,11.365,75,12.998
2011-01-28 19:00,1,0,1,2,9.84,12.12,75,8.9981
2011-01-28 20:00,1,0,1,2,9.84,11.365,70,12.998
2011-01-28 21:00,1,0,1,2,9.02,11.365,75,8.9981
2011-01-28 22:00,1,0,1,1,9.84,10.605,65,23.9994
2011-01-28 23:00,1,0,1,1,9.84,11.365,60,15.0013
2011-01-29 0:00,1,0,0,1,9.02,9.85,64,23.9994
2011-01-29 1:00,1,0,0,1,9.02,11.365,64,12.998
2011-01-29 2:00,1,0,0,1,9.02,11.365,64,11.0014
2011-01-29 3:00,1,0,0,1,8.2,10.605,64,8.9981
2011-01-29 4:00,1,0,0,1,6.56,9.09,69,7.0015
2011-01-29 6:00,1,0,0,1,6.56,9.09,64,8.9981
2011-01-29 7:00,1,0,0,1,6.56,9.09,59,7.0015
2011-01-29 8:00,1,0,0,1,7.38,9.85,55,11.0014
2011-01-29 9:00,1,0,0,1,7.38,10.605,59,6.0032
2011-01-29 10:00,1,0,0,2,7.38,10.605,64,7.0015
2011-01-29 11:00,1,0,0,2,7.38,9.85,64,8.9981
2011-01-29 12:00,1,0,0,2,8.2,9.85,59,12.998
2011-01-29 13:00,1,0,0,2,9.02,11.365,55,11.0014
2011-01-29 14:00,1,0,0,2,9.02,11.365,60,8.9981
2011-01-29 15:00,1,0,0,1,9.02,10.605,69,16.9979
2011-01-29 16:00,1,0,0,1,9.84,12.12,60,11.0014
2011-01-29 17:00,1,0,0,1,9.84,14.395,60,0
2011-01-29 18:00,1,0,0,1,9.02,11.365,69,8.9981
2011-01-29 19:00,1,0,0,2,9.02,10.605,69,16.9979
2011-01-29 20:00,1,0,0,1,7.38,10.605,74,6.0032
2011-01-29 21:00,1,0,0,1,7.38,10.605,74,6.0032
2011-01-29 22:00,1,0,0,1,6.56,9.85,80,6.0032
2011-01-29 23:00,1,0,0,1,6.56,9.85,80,6.0032
2011-01-30 0:00,1,0,0,1,6.56,9.09,80,7.0015
2011-01-30 1:00,1,0,0,1,5.74,10.605,80,0
2011-01-30 2:00,1,0,0,1,6.56,11.365,80,0
2011-01-30 3:00,1,0,0,1,5.74,10.605,93,0
2011-01-30 4:00,1,0,0,1,5.74,10.605,93,0
2011-01-30 5:00,1,0,0,1,5.74,10.605,86,0
2011-01-30 7:00,1,0,0,1,5.74,10.605,86,0
2011-01-30 8:00,1,0,0,2,5.74,10.605,86,0
2011-01-30 9:00,1,0,0,2,6.56,11.365,80,0
2011-01-30 10:00,1,0,0,2,7.38,12.12,80,0
2011-01-30 11:00,1,0,0,1,9.02,13.635,75,0
2011-01-30 12:00,1,0,0,1,12.3,15.91,52,7.0015
2011-01-30 13:00,1,0,0,1,11.48,14.395,61,7.0015
2011-01-30 14:00,1,0,0,1,11.48,15.15,61,6.0032
2011-01-30 15:00,1,0,0,1,12.3,16.665,56,0
2011-01-30 16:00,1,0,0,1,12.3,16.665,56,0
2011-01-30 17:00,1,0,0,1,12.3,14.395,56,12.998
2011-01-30 18:00,1,0,0,1,10.66,12.88,65,11.0014
2011-01-30 19:00,1,0,0,1,10.66,12.88,65,12.998
2011-01-30 20:00,1,0,0,2,10.66,13.635,65,7.0015
2011-01-30 21:00,1,0,0,2,9.84,12.12,70,11.0014
2011-01-30 22:00,1,0,0,2,9.84,11.365,70,12.998
2011-01-30 23:00,1,0,0,2,9.84,10.605,65,19.0012
2011-01-31 0:00,1,0,1,2,9.84,11.365,65,15.0013
2011-01-31 1:00,1,0,1,1,9.02,10.605,64,16.9979
2011-01-31 2:00,1,0,1,1,9.02,11.365,64,12.998
2011-01-31 3:00,1,0,1,1,9.02,11.365,64,12.998
2011-01-31 4:00,1,0,1,1,8.2,9.85,59,15.0013
2011-01-31 5:00,1,0,1,1,7.38,8.335,64,19.0012
2011-01-31 6:00,1,0,1,1,6.56,6.82,69,22.0028
2011-01-31 7:00,1,0,1,2,6.56,6.82,64,19.0012
2011-01-31 8:00,1,0,1,2,6.56,6.82,59,19.0012
2011-01-31 9:00,1,0,1,2,6.56,6.82,59,19.9995
2011-01-31 10:00,1,0,1,2,6.56,7.575,59,12.998
2011-01-31 11:00,1,0,1,2,6.56,7.575,59,12.998
2011-01-31 12:00,1,0,1,2,7.38,10.605,55,7.0015
2011-01-31 13:00,1,0,1,2,6.56,11.365,59,0
2011-01-31 14:00,1,0,1,2,7.38,9.85,55,8.9981
2011-01-31 15:00,1,0,1,2,6.56,9.09,59,8.9981
2011-01-31 16:00,1,0,1,2,6.56,9.09,56,12.998
2011-01-31 17:00,1,0,1,2,6.56,7.575,59,12.998
2011-01-31 18:00,1,0,1,2,6.56,7.575,55,15.0013
2011-01-31 19:00,1,0,1,1,12.3,15.91,61,7.0015
2011-01-31 20:00,1,0,1,3,6.56,8.335,59,11.0014
2011-01-31 21:00,1,0,1,3,6.56,9.85,59,6.0032
2011-01-31 22:00,1,0,1,2,6.56,9.09,59,7.0015
2011-01-31 23:00,1,0,1,2,6.56,9.85,64,6.0032
2011-02-20 0:00,1,0,0,1,10.66,10.605,35,30.0026
2011-02-20 1:00,1,0,0,1,9.84,9.85,41,31.0009
2011-02-20 2:00,1,0,0,1,9.84,9.85,41,36.9974
2011-02-20 3:00,1,0,0,1,9.02,9.09,44,36.9974
2011-02-20 4:00,1,0,0,1,9.02,9.09,44,36.9974
2011-02-20 6:00,1,0,0,1,8.2,9.09,47,19.9995
2011-02-20 7:00,1,0,0,1,7.38,8.335,51,16.9979
2011-02-20 8:00,1,0,0,1,8.2,11.365,51,7.0015
2011-02-20 9:00,1,0,0,1,9.02,10.605,47,19.0012
2011-02-20 10:00,1,0,0,2,10.66,12.88,41,12.998
2011-02-20 11:00,1,0,0,2,12.3,15.15,33,11.0014
2011-02-20 12:00,1,0,0,1,12.3,15.91,33,7.0015
2011-02-20 13:00,1,0,0,1,13.94,16.665,29,0
2011-02-20 14:00,1,0,0,1,14.76,17.425,27,11.0014
2011-02-20 15:00,1,0,0,1,14.76,18.18,27,6.0032
2011-02-20 16:00,1,0,0,1,14.76,18.18,29,6.0032
2011-02-20 17:00,1,0,0,1,13.94,17.425,33,11.0014
2011-02-20 18:00,1,0,0,2,13.94,16.665,36,8.9981
2011-02-20 19:00,1,0,0,2,13.94,16.665,36,8.9981
2011-02-20 20:00,1,0,0,2,13.94,18.18,42,0
2011-02-20 21:00,1,0,0,2,13.12,17.425,53,0
2011-02-20 22:00,1,0,0,2,13.12,15.15,57,15.0013
2011-02-20 23:00,1,0,0,2,12.3,15.15,61,11.0014
2011-02-21 0:00,1,1,0,2,13.94,15.15,42,22.0028
2011-02-21 1:00,1,1,0,2,13.94,15.15,42,22.0028
2011-02-21 2:00,1,1,0,2,13.94,15.15,42,22.0028
2011-02-21 3:00,1,1,0,2,13.94,15.15,42,19.9995
2011-02-21 4:00,1,1,0,1,13.12,15.91,45,11.0014
2011-02-21 5:00,1,1,0,2,13.94,18.18,36,0
2011-02-21 6:00,1,1,0,2,17.22,21.21,26,19.9995
2011-02-21 7:00,1,1,0,2,17.22,21.21,26,19.0012
2011-02-21 8:00,1,1,0,2,13.12,15.15,57,19.9995
2011-02-21 9:00,1,1,0,2,13.12,15.15,57,19.0012
2011-02-21 10:00,1,1,0,2,13.12,15.15,57,16.9979
2011-02-21 11:00,1,1,0,2,13.12,16.665,57,7.0015
2011-02-21 12:00,1,1,0,2,13.12,15.91,66,12.998
2011-02-21 13:00,1,1,0,3,12.3,13.635,81,22.0028
2011-02-21 14:00,1,1,0,2,13.12,15.15,76,16.9979
2011-02-21 15:00,1,1,0,2,12.3,13.635,70,30.0026
2011-02-21 16:00,1,1,0,3,11.48,12.12,75,27.9993
2011-02-21 17:00,1,1,0,2,11.48,12.88,75,26.0027
2011-02-21 18:00,1,1,0,2,9.84,10.605,87,23.9994
2011-02-21 19:00,1,1,0,2,9.84,10.605,87,23.9994
2011-02-21 20:00,1,1,0,3,9.84,10.605,81,26.0027
2011-02-21 21:00,1,1,0,3,9.02,9.85,75,30.0026
2011-02-21 22:00,1,1,0,3,8.2,8.335,75,27.9993
2011-02-21 23:00,1,1,0,3,8.2,8.335,75,27.9993
2011-02-22 6:00,1,0,1,2,4.92,6.06,80,19.0012
2011-02-22 7:00,1,0,1,2,4.92,6.06,80,19.0012
2011-02-22 8:00,1,0,1,2,4.92,6.06,80,16.9979
2011-02-22 9:00,1,0,1,2,5.74,6.06,74,16.9979
2011-02-22 10:00,1,0,1,1,6.56,9.09,69,0
2011-02-22 11:00,1,0,1,1,6.56,11.365,64,0
2011-02-22 12:00,1,0,1,1,8.2,11.365,59,7.0015
2011-02-22 13:00,1,0,1,1,9.02,11.365,55,11.0014
2011-02-22 14:00,1,0,1,1,9.02,11.365,55,12.998
2011-02-22 15:00,1,0,1,1,9.84,11.365,48,12.998
2011-02-22 16:00,1,0,1,1,9.02,11.365,51,11.0014
2011-02-22 17:00,1,0,1,1,9.02,10.605,51,15.0013
2011-02-22 18:00,1,0,1,1,9.02,11.365,47,8.9981
2011-02-22 19:00,1,0,1,1,8.2,9.09,47,19.0012
2011-02-22 20:00,1,0,1,1,8.2,9.85,47,15.0013
2011-02-22 21:00,1,0,1,1,8.2,9.85,47,16.9979
2011-02-22 22:00,1,0,1,1,6.56,7.575,43,16.9979
2011-02-22 23:00,1,0,1,1,6.56,7.575,43,16.9979
2011-02-23 0:00,1,0,1,1,5.74,6.82,50,12.998
2011-02-23 1:00,1,0,1,1,5.74,7.575,46,11.0014
2011-02-23 2:00,1,0,1,1,4.92,7.575,50,8.9981
2011-02-23 3:00,1,0,1,1,4.92,6.82,50,11.0014
2011-02-23 5:00,1,0,1,1,4.92,7.575,50,7.0015
2011-02-23 6:00,1,0,1,1,4.92,7.575,50,7.0015
2011-02-23 7:00,1,0,1,1,4.92,7.575,54,8.9981
2011-02-23 8:00,1,0,1,1,5.74,7.575,54,11.0014
2011-02-23 9:00,1,0,1,1,7.38,10.605,51,6.0032
2011-02-23 10:00,1,0,1,1,8.2,12.88,40,0
2011-02-23 11:00,1,0,1,1,9.84,12.88,41,7.0015
2011-02-23 12:00,1,0,1,1,10.66,14.395,35,6.0032
2011-02-23 13:00,1,0,1,1,12.3,15.91,28,6.0032
2011-02-23 14:00,1,0,1,1,13.12,16.665,29,7.0015
2011-02-23 15:00,1,0,1,1,13.94,17.425,25,6.0032
2011-02-23 16:00,1,0,1,1,13.94,18.18,25,0
2011-02-23 17:00,1,0,1,1,13.94,17.425,25,6.0032
2011-02-23 18:00,1,0,1,1,13.12,16.665,26,6.0032
2011-02-23 19:00,1,0,1,1,12.3,16.665,33,0
2011-02-23 20:00,1,0,1,1,9.84,12.12,60,11.0014
2011-02-23 21:00,1,0,1,1,9.84,14.395,48,0
2011-02-23 22:00,1,0,1,1,9.84,14.395,48,0
2011-02-23 23:00,1,0,1,1,9.02,12.88,55,6.0032
2011-02-24 0:00,1,0,1,1,9.02,12.88,55,6.0032
2011-02-24 1:00,1,0,1,1,9.02,12.88,60,6.0032
2011-02-24 2:00,1,0,1,1,8.2,11.365,64,6.0032
2011-02-24 3:00,1,0,1,1,8.2,10.605,64,8.9981
2011-02-24 5:00,1,0,1,1,8.2,10.605,69,8.9981
2011-02-24 6:00,1,0,1,1,8.2,9.85,69,12.998
2011-02-24 7:00,1,0,1,1,8.2,9.85,72,12.998
2011-02-24 8:00,1,0,1,1,9.84,11.365,70,15.0013
2011-02-24 9:00,1,0,1,2,9.84,10.605,75,19.9995
2011-02-24 10:00,1,0,1,2,10.66,12.12,70,19.0012
2011-02-24 11:00,1,0,1,2,13.12,14.395,57,26.0027
2011-02-24 12:00,1,0,1,2,14.76,16.665,53,23.9994
2011-02-24 13:00,1,0,1,2,15.58,19.695,54,19.9995
2011-02-24 14:00,1,0,1,2,16.4,20.455,50,19.9995
2011-02-24 15:00,1,0,1,3,16.4,20.455,54,26.0027
2011-02-24 16:00,1,0,1,3,15.58,19.695,62,19.0012
2011-02-24 17:00,1,0,1,3,14.76,17.425,66,12.998
2011-02-24 18:00,1,0,1,2,13.94,15.15,87,22.0028
2011-02-24 19:00,1,0,1,3,13.94,15.15,93,19.9995
2011-02-24 20:00,1,0,1,2,13.94,15.15,93,23.9994
2011-02-24 21:00,1,0,1,2,13.94,15.15,87,22.0028
2011-02-24 22:00,1,0,1,3,13.94,15.91,87,19.0012
2011-02-24 23:00,1,0,1,2,13.12,15.15,93,15.0013
2011-02-25 0:00,1,0,1,3,13.12,17.425,93,0
2011-02-25 1:00,1,0,1,2,13.12,17.425,100,0
2011-02-25 2:00,1,0,1,2,13.12,17.425,100,0
2011-02-25 3:00,1,0,1,2,13.12,16.665,93,7.0015
2011-02-25 5:00,1,0,1,2,13.12,16.665,93,7.0015
2011-02-25 6:00,1,0,1,3,13.94,17.425,93,6.0032
2011-02-25 7:00,1,0,1,3,13.94,16.665,100,8.9981
2011-02-25 8:00,1,0,1,3,14.76,17.425,93,8.9981
2011-02-25 9:00,1,0,1,3,13.94,15.15,93,23.9994
2011-02-25 10:00,1,0,1,3,17.22,21.21,94,22.0028
2011-02-25 11:00,1,0,1,1,21.32,25,77,30.0026
2011-02-25 12:00,1,0,1,3,22.14,25.76,60,31.0009
2011-02-25 13:00,1,0,1,3,22.14,25.76,60,31.0009
2011-02-25 14:00,1,0,1,3,22.96,26.515,56,40.9973
2011-02-25 15:00,1,0,1,1,18.86,22.725,41,54.002
2011-02-25 16:00,1,0,1,1,13.12,14.395,49,31.0009
2011-02-25 17:00,1,0,1,1,13.12,13.635,49,50.0021
2011-02-25 18:00,1,0,1,1,13.12,14.395,49,32.9975
2011-02-25 19:00,1,0,1,1,12.3,13.635,52,30.0026
2011-02-25 20:00,1,0,1,1,12.3,12.88,49,40.9973
2011-02-25 21:00,1,0,1,1,11.48,12.88,48,26.0027
2011-02-25 22:00,1,0,1,1,10.66,10.605,48,30.0026
2011-02-25 23:00,1,0,1,1,10.66,11.365,48,22.0028
2011-02-26 0:00,1,0,0,1,9.84,11.365,52,12.998
2011-02-26 1:00,1,0,0,1,9.84,10.605,52,19.9995
2011-02-26 2:00,1,0,0,1,9.02,9.85,60,23.9994
2011-02-26 3:00,1,0,0,1,9.02,11.365,55,8.9981
2011-02-26 4:00,1,0,0,2,9.02,12.88,60,6.0032
2011-02-26 5:00,1,0,0,2,9.02,12.12,64,7.0015
2011-02-26 6:00,1,0,0,1,9.02,13.635,60,0
2011-02-26 7:00,1,0,0,1,9.02,12.88,60,6.0032
2011-02-26 8:00,1,0,0,2,9.84,14.395,60,0
2011-02-26 9:00,1,0,0,2,10.66,12.88,56,11.0014
2011-02-26 10:00,1,0,0,2,12.3,15.15,49,8.9981
2011-02-26 11:00,1,0,0,1,12.3,16.665,45,0
2011-02-26 12:00,1,0,0,2,13.12,15.91,45,11.0014
2011-02-26 13:00,1,0,0,2,13.94,15.91,42,16.9979
2011-02-26 14:00,1,0,0,2,13.94,15.15,36,22.0028
2011-02-26 15:00,1,0,0,2,14.76,16.665,40,19.0012
2011-02-26 16:00,1,0,0,1,14.76,16.665,46,19.0012
2011-02-26 17:00,1,0,0,1,14.76,17.425,43,15.0013
2011-02-26 18:00,1,0,0,1,13.94,16.665,46,12.998
2011-02-26 19:00,1,0,0,1,13.12,15.15,49,16.9979
2011-02-26 20:00,1,0,0,1,12.3,15.15,56,11.0014
2011-02-26 21:00,1,0,0,1,11.48,13.635,65,16.9979
2011-02-26 22:00,1,0,0,1,11.48,13.635,75,15.0013
2011-02-26 23:00,1,0,0,1,11.48,12.88,75,19.0012
2011-02-27 0:00,1,0,0,1,10.66,12.12,87,19.0012
2011-02-27 1:00,1,0,0,1,10.66,12.88,87,12.998
2011-02-27 2:00,1,0,0,1,10.66,13.635,87,8.9981
2011-02-27 3:00,1,0,0,1,10.66,14.395,87,6.0032
2011-02-27 4:00,1,0,0,1,9.84,12.12,87,8.9981
2011-02-27 6:00,1,0,0,1,9.84,14.395,87,0
2011-02-27 7:00,1,0,0,1,9.84,12.12,87,8.9981
2011-02-27 8:00,1,0,0,1,10.66,15.15,87,0
2011-02-27 9:00,1,0,0,1,11.48,15.15,87,6.0032
2011-02-27 10:00,1,0,0,1,12.3,15.15,81,11.0014
2011-02-27 11:00,1,0,0,1,14.76,17.425,62,8.9981
2011-02-27 12:00,1,0,0,1,16.4,20.455,54,6.0032
2011-02-27 13:00,1,0,0,1,17.22,21.21,47,0
2011-02-27 14:00,1,0,0,1,18.04,21.97,47,6.0032
2011-02-27 15:00,1,0,0,1,18.86,22.725,44,8.9981
2011-02-27 16:00,1,0,0,1,19.68,23.485,44,11.0014
2011-02-27 17:00,1,0,0,1,17.22,21.21,54,12.998
2011-02-27 18:00,1,0,0,1,16.4,20.455,54,12.998
2011-02-27 19:00,1,0,0,1,16.4,20.455,54,8.9981
2011-02-27 20:00,1,0,0,1,16.4,20.455,54,6.0032
2011-02-27 21:00,1,0,0,1,15.58,19.695,62,11.0014
2011-02-27 22:00,1,0,0,2,15.58,19.695,62,7.0015
2011-02-27 23:00,1,0,0,2,14.76,17.425,62,11.0014
2011-02-28 0:00,1,0,1,2,14.76,18.18,66,7.0015
2011-02-28 1:00,1,0,1,3,13.94,15.15,87,23.9994
2011-02-28 3:00,1,0,1,3,13.12,15.91,93,11.0014
2011-02-28 5:00,1,0,1,2,13.94,18.18,93,0
2011-02-28 6:00,1,0,1,2,13.94,17.425,96,7.0015
2011-02-28 7:00,1,0,1,2,14.76,18.18,93,7.0015
2011-02-28 8:00,1,0,1,2,13.94,15.15,93,19.9995
2011-02-28 9:00,1,0,1,1,17.22,21.21,82,19.0012
2011-02-28 10:00,1,0,1,2,21.32,25,72,32.9975
2011-02-28 11:00,1,0,1,2,22.96,26.515,64,19.9995
2011-02-28 12:00,1,0,1,2,22.96,26.515,64,19.9995
2011-02-28 13:00,1,0,1,3,18.86,22.725,94,15.0013
2011-02-28 14:00,1,0,1,3,17.22,21.21,100,19.9995
2011-02-28 15:00,1,0,1,3,17.22,21.21,100,19.9995
2011-02-28 16:00,1,0,1,3,17.22,21.21,100,8.9981
2011-02-28 17:00,1,0,1,3,16.4,20.455,100,19.9995
2011-02-28 18:00,1,0,1,3,18.86,22.725,94,12.998
2011-02-28 19:00,1,0,1,3,18.04,21.97,88,40.9973
2011-02-28 20:00,1,0,1,3,18.04,21.97,88,40.9973
2011-02-28 21:00,1,0,1,2,15.58,19.695,87,26.0027
2011-02-28 22:00,1,0,1,3,13.94,15.15,93,27.9993
2011-02-28 23:00,1,0,1,2,13.12,14.395,81,26.0027
2011-03-20 0:00,1,0,0,1,13.94,15.15,49,27.9993
2011-03-20 1:00,1,0,0,1,13.12,14.395,53,23.9994
2011-03-20 2:00,1,0,0,1,12.3,14.395,52,19.0012
2011-03-20 3:00,1,0,0,1,11.48,13.635,56,16.9979
2011-03-20 4:00,1,0,0,1,10.66,12.88,56,15.0013
2011-03-20 5:00,1,0,0,1,10.66,12.88,60,12.998
2011-03-20 6:00,1,0,0,1,10.66,12.88,60,15.0013
2011-03-20 7:00,1,0,0,1,9.84,11.365,60,15.0013
2011-03-20 8:00,1,0,0,1,11.48,13.635,56,11.0014
2011-03-20 9:00,1,0,0,1,12.3,15.15,52,8.9981
2011-03-20 10:00,1,0,0,2,13.12,17.425,45,0
2011-03-20 11:00,1,0,0,1,13.94,17.425,39,7.0015
2011-03-20 12:00,1,0,0,1,14.76,18.18,40,7.0015
2011-03-20 13:00,1,0,0,1,15.58,19.695,34,0
2011-03-20 14:00,1,0,0,1,16.4,20.455,30,0
2011-03-20 15:00,1,0,0,1,16.4,20.455,32,6.0032
2011-03-20 16:00,1,0,0,1,17.22,21.21,32,0
2011-03-20 17:00,1,0,0,1,16.4,20.455,35,19.0012
2011-03-20 18:00,1,0,0,1,15.58,19.695,40,23.9994
2011-03-20 19:00,1,0,0,1,14.76,16.665,43,19.0012
2011-03-20 20:00,1,0,0,1,14.76,16.665,46,19.0012
2011-03-20 21:00,1,0,0,2,13.94,15.91,53,19.0012
2011-03-20 22:00,1,0,0,2,13.94,15.15,53,22.0028
2011-03-20 23:00,1,0,0,3,13.94,15.15,61,26.0027
2011-03-21 0:00,2,0,1,3,13.94,15.15,66,26.0027
2011-03-21 1:00,2,0,1,2,13.94,15.15,71,26.0027
2011-03-21 2:00,2,0,1,2,13.94,15.15,71,22.0028
2011-03-21 3:00,2,0,1,2,13.94,15.15,71,22.0028
2011-03-21 5:00,2,0,1,1,13.12,15.15,81,19.9995
2011-03-21 6:00,2,0,1,3,13.12,15.15,76,16.9979
2011-03-21 7:00,2,0,1,3,12.3,13.635,87,27.9993
2011-03-21 8:00,2,0,1,2,12.3,13.635,87,27.9993
2011-03-21 9:00,2,0,1,2,13.94,15.15,81,22.0028
2011-03-21 10:00,2,0,1,2,15.58,19.695,76,26.0027
2011-03-21 11:00,2,0,1,2,17.22,21.21,71,19.9995
2011-03-21 12:00,2,0,1,2,18.04,21.97,77,16.9979
2011-03-21 13:00,2,0,1,2,20.5,24.24,63,15.0013
2011-03-21 14:00,2,0,1,2,22.14,25.76,64,15.0013
2011-03-21 15:00,2,0,1,2,22.96,26.515,60,15.0013
2011-03-21 16:00,2,0,1,2,22.14,25.76,64,19.0012
2011-03-21 17:00,2,0,1,2,22.14,25.76,64,16.9979
2011-03-21 18:00,2,0,1,2,21.32,25,72,15.0013
2011-03-21 19:00,2,0,1,1,23.78,27.275,60,27.9993
2011-03-21 20:00,2,0,1,1,22.96,26.515,64,12.998
2011-03-21 21:00,2,0,1,1,18.86,22.725,94,12.998
2011-03-21 22:00,2,0,1,1,18.86,22.725,88,15.0013
2011-03-21 23:00,2,0,1,1,18.86,22.725,88,6.0032
2011-03-22 0:00,2,0,1,1,18.86,22.725,88,12.998
2011-03-22 1:00,2,0,1,1,17.22,21.21,100,8.9981
2011-03-22 2:00,2,0,1,1,18.04,21.97,94,6.0032
2011-03-22 3:00,2,0,1,1,18.04,21.97,82,15.0013
2011-03-22 4:00,2,0,1,2,17.22,21.21,82,11.0014
2011-03-22 5:00,2,0,1,2,16.4,20.455,87,8.9981
2011-03-22 6:00,2,0,1,1,16.4,20.455,87,16.9979
2011-03-22 7:00,2,0,1,2,16.4,20.455,76,7.0015
2011-03-22 8:00,2,0,1,2,16.4,20.455,58,19.9995
2011-03-22 9:00,2,0,1,2,16.4,20.455,58,31.0009
2011-03-22 10:00,2,0,1,2,18.04,21.97,54,19.9995
2011-03-22 11:00,2,0,1,1,18.04,21.97,51,22.0028
2011-03-22 12:00,2,0,1,1,18.86,22.725,47,16.9979
2011-03-22 13:00,2,0,1,1,20.5,24.24,45,15.0013
2011-03-22 14:00,2,0,1,1,20.5,24.24,42,22.0028
2011-03-22 15:00,2,0,1,1,20.5,24.24,42,15.0013
2011-03-22 16:00,2,0,1,1,20.5,24.24,42,7.0015
2011-03-22 17:00,2,0,1,1,20.5,24.24,42,7.0015
2011-03-22 18:00,2,0,1,1,19.68,23.485,44,6.0032
2011-03-22 19:00,2,0,1,2,18.04,21.97,54,16.9979
2011-03-22 20:00,2,0,1,2,18.04,21.97,54,23.9994
2011-03-22 21:00,2,0,1,2,17.22,21.21,54,19.0012
2011-03-22 22:00,2,0,1,2,16.4,20.455,58,16.9979
2011-03-22 23:00,2,0,1,2,16.4,20.455,58,16.9979
2011-03-23 0:00,2,0,1,3,14.76,17.425,71,15.0013
2011-03-23 1:00,2,0,1,3,13.94,15.91,76,15.0013
2011-03-23 2:00,2,0,1,3,13.94,15.91,76,15.0013
2011-03-23 3:00,2,0,1,2,13.94,15.91,76,16.9979
2011-03-23 5:00,2,0,1,3,13.12,15.91,87,12.998
2011-03-23 6:00,2,0,1,2,13.94,15.91,87,16.9979
2011-03-23 7:00,2,0,1,2,13.12,15.15,93,15.0013
2011-03-23 8:00,2,0,1,2,13.12,15.91,87,12.998
2011-03-23 9:00,2,0,1,2,13.12,15.15,81,16.9979
2011-03-23 10:00,2,0,1,2,13.94,15.91,81,19.0012
2011-03-23 11:00,2,0,1,2,13.94,16.665,87,12.998
2011-03-23 12:00,2,0,1,2,13.94,15.91,87,15.0013
2011-03-23 13:00,2,0,1,3,13.94,16.665,87,8.9981
2011-03-23 14:00,2,0,1,2,14.76,18.18,87,7.0015
2011-03-23 15:00,2,0,1,2,15.58,19.695,82,15.0013
2011-03-23 16:00,2,0,1,2,16.4,20.455,76,15.0013
2011-03-23 17:00,2,0,1,2,16.4,20.455,76,15.0013
2011-03-23 18:00,2,0,1,3,15.58,19.695,82,16.9979
2011-03-23 19:00,2,0,1,3,15.58,19.695,82,16.9979
2011-03-23 20:00,2,0,1,3,14.76,15.15,87,43.0006
2011-03-23 21:00,2,0,1,3,13.12,14.395,100,27.9993
2011-03-23 22:00,2,0,1,2,13.12,15.91,93,11.0014
2011-03-23 23:00,2,0,1,3,13.12,16.665,90,0
2011-03-24 0:00,2,0,1,2,13.12,15.15,93,15.0013
2011-03-24 1:00,2,0,1,2,12.3,14.395,100,15.0013
2011-03-24 2:00,2,0,1,2,12.3,14.395,100,16.9979
2011-03-24 3:00,2,0,1,2,11.48,13.635,100,12.998
2011-03-24 4:00,2,0,1,2,11.48,13.635,100,12.998
2011-03-24 5:00,2,0,1,2,11.48,13.635,93,15.0013
2011-03-24 6:00,2,0,1,2,11.48,13.635,93,15.0013
2011-03-24 7:00,2,0,1,3,10.66,12.88,100,15.0013
2011-03-24 8:00,2,0,1,3,10.66,11.365,100,19.9995
2011-03-24 9:00,2,0,1,2,10.66,12.88,93,15.0013
2011-03-24 10:00,2,0,1,2,10.66,11.365,93,22.0028
2011-03-24 11:00,2,0,1,2,12.3,13.635,81,19.9995
2011-03-24 12:00,2,0,1,2,12.3,13.635,70,22.0028
2011-03-24 13:00,2,0,1,2,13.12,15.15,70,15.0013
2011-03-24 14:00,2,0,1,2,12.3,15.15,70,8.9981
2011-03-24 15:00,2,0,1,2,12.3,14.395,70,16.9979
2011-03-24 16:00,2,0,1,2,12.3,14.395,65,15.0013
2011-03-24 17:00,2,0,1,2,12.3,14.395,70,15.0013
2011-03-24 18:00,2,0,1,2,12.3,13.635,61,19.9995
2011-03-24 19:00,2,0,1,1,12.3,13.635,56,26.0027
2011-03-24 20:00,2,0,1,1,11.48,12.88,61,19.0012
2011-03-24 21:00,2,0,1,1,10.66,12.88,65,15.0013
2011-03-24 22:00,2,0,1,1,10.66,12.88,65,11.0014
2011-03-24 23:00,2,0,1,1,9.84,11.365,65,12.998
2011-03-25 0:00,2,0,1,1,9.84,11.365,60,12.998
2011-03-25 1:00,2,0,1,1,8.2,10.605,69,11.0014
2011-03-25 2:00,2,0,1,1,8.2,9.85,69,15.0013
2011-03-25 3:00,2,0,1,1,8.2,11.365,69,7.0015
2011-03-25 4:00,2,0,1,1,7.38,10.605,74,7.0015
2011-03-25 5:00,2,0,1,1,7.38,9.85,74,11.0014
2011-03-25 6:00,2,0,1,1,7.38,9.09,74,15.0013
2011-03-25 7:00,2,0,1,1,8.2,9.09,59,23.9994
2011-03-25 8:00,2,0,1,1,9.02,10.605,51,19.0012
2011-03-25 9:00,2,0,1,1,9.84,10.605,48,19.9995
2011-03-25 10:00,2,0,1,1,10.66,12.88,48,0
2011-03-25 11:00,2,0,1,1,12.3,14.395,45,19.0012
2011-03-25 12:00,2,0,1,1,13.12,15.15,42,16.9979
2011-03-25 13:00,2,0,1,1,13.12,15.91,39,12.998
2011-03-25 14:00,2,0,1,1,14.76,16.665,32,22.0028
2011-03-25 15:00,2,0,1,2,13.94,15.91,36,16.9979
2011-03-25 16:00,2,0,1,2,13.94,15.15,34,19.9995
2011-03-25 17:00,2,0,1,2,13.12,14.395,36,23.9994
2011-03-25 18:00,2,0,1,1,12.3,14.395,39,16.9979
2011-03-25 19:00,2,0,1,2,12.3,14.395,36,19.0012
2011-03-25 20:00,2,0,1,2,12.3,15.15,39,8.9981
2011-03-25 21:00,2,0,1,2,12.3,15.15,39,11.0014
2011-03-25 22:00,2,0,1,2,11.48,12.88,38,22.0028
2011-03-25 23:00,2,0,1,2,10.66,12.12,38,19.0012
2011-03-26 0:00,2,0,0,2,10.66,12.12,38,19.0012
2011-03-26 1:00,2,0,0,1,10.66,11.365,38,19.9995
2011-03-26 2:00,2,0,0,1,9.02,10.605,44,15.0013
2011-03-26 3:00,2,0,0,1,8.2,9.85,47,12.998
2011-03-26 4:00,2,0,0,1,9.02,10.605,44,15.0013
2011-03-26 5:00,2,0,0,1,8.2,9.85,51,12.998
2011-03-26 6:00,2,0,0,1,7.38,9.09,55,12.998
2011-03-26 7:00,2,0,0,1,8.2,9.85,51,12.998
2011-03-26 8:00,2,0,0,1,9.02,11.365,44,8.9981
2011-03-26 9:00,2,0,0,1,9.84,12.12,41,8.9981
2011-03-26 10:00,2,0,0,1,10.66,12.88,41,11.0014
2011-03-26 11:00,2,0,0,1,11.48,13.635,38,11.0014
2011-03-26 12:00,2,0,0,1,12.3,14.395,36,12.998
2011-03-26 13:00,2,0,0,1,13.12,15.15,33,15.0013
2011-03-26 14:00,2,0,0,1,13.94,15.91,29,15.0013
2011-03-26 15:00,2,0,0,1,13.94,16.665,29,12.998
2011-03-26 16:00,2,0,0,1,13.94,16.665,23,12.998
2011-03-26 17:00,2,0,0,1,13.12,15.15,24,15.0013
2011-03-26 18:00,2,0,0,2,13.12,15.91,21,11.0014
2011-03-26 19:00,2,0,0,2,11.48,13.635,45,16.9979
2011-03-26 20:00,2,0,0,2,11.48,13.635,45,16.9979
2011-03-26 21:00,2,0,0,2,10.66,12.88,44,12.998
2011-03-26 22:00,2,0,0,2,11.48,13.635,41,15.0013
2011-03-26 23:00,2,0,0,2,10.66,12.12,44,19.0012
2011-03-27 0:00,2,0,0,2,10.66,12.88,41,11.0014
2011-03-27 1:00,2,0,0,2,9.84,11.365,52,12.998
2011-03-27 2:00,2,0,0,3,9.02,11.365,55,12.998
2011-03-27 3:00,2,0,0,3,8.2,9.85,69,15.0013
2011-03-27 4:00,2,0,0,3,7.38,9.85,74,11.0014
2011-03-27 6:00,2,0,0,3,6.56,9.09,86,8.9981
2011-03-27 7:00,2,0,0,3,6.56,8.335,86,11.0014
2011-03-27 8:00,2,0,0,1,8.2,9.85,69,15.0013
2011-03-27 9:00,2,0,0,1,9.02,11.365,55,8.9981
2011-03-27 10:00,2,0,0,2,9.02,10.605,55,15.0013
2011-03-27 11:00,2,0,0,2,9.84,12.12,48,11.0014
2011-03-27 12:00,2,0,0,2,10.66,12.88,44,15.0013
2011-03-27 13:00,2,0,0,1,12.3,14.395,39,15.0013
2011-03-27 14:00,2,0,0,1,13.12,15.91,36,11.0014
2011-03-27 15:00,2,0,0,1,13.12,15.15,36,19.0012
2011-03-27 16:00,2,0,0,1,13.94,16.665,34,0
2011-03-27 17:00,2,0,0,1,13.12,15.15,31,16.9979
2011-03-27 18:00,2,0,0,1,12.3,14.395,33,12.998
2011-03-27 19:00,2,0,0,1,12.3,14.395,31,15.0013
2011-03-27 20:00,2,0,0,1,11.48,13.635,36,11.0014
2011-03-27 21:00,2,0,0,1,10.66,12.88,41,11.0014
2011-03-27 22:00,2,0,0,1,10.66,12.88,41,11.0014
2011-03-27 23:00,2,0,0,1,10.66,12.88,44,12.998
2011-03-28 0:00,2,0,1,1,9.02,11.365,55,12.998
2011-03-28 1:00,2,0,1,1,9.02,11.365,44,12.998
2011-03-28 2:00,2,0,1,1,9.02,11.365,44,11.0014
2011-03-28 3:00,2,0,1,1,9.02,11.365,44,11.0014
2011-03-28 5:00,2,0,1,1,7.38,9.09,43,12.998
2011-03-28 6:00,2,0,1,1,7.38,8.335,34,19.0012
2011-03-28 7:00,2,0,1,1,8.2,9.09,32,22.0028
2011-03-28 8:00,2,0,1,1,8.2,9.85,34,15.0013
2011-03-28 9:00,2,0,1,2,9.02,10.605,32,15.0013
2011-03-28 10:00,2,0,1,1,9.84,11.365,30,12.998
2011-03-28 11:00,2,0,1,2,10.66,12.12,30,19.0012
2011-03-28 12:00,2,0,1,2,10.66,13.635,25,0
2011-03-28 13:00,2,0,1,2,12.3,14.395,24,15.0013
2011-03-28 14:00,2,0,1,1,13.12,15.15,22,15.0013
2011-03-28 15:00,2,0,1,1,13.12,15.15,24,19.0012
2011-03-28 16:00,2,0,1,1,13.94,15.91,23,15.0013
2011-03-28 17:00,2,0,1,1,13.94,15.15,23,19.9995
2011-03-28 18:00,2,0,1,1,13.12,15.15,21,19.0012
2011-03-28 19:00,2,0,1,1,12.3,15.15,22,8.9981
2011-03-28 20:00,2,0,1,1,13.12,16.665,22,7.0015
2011-03-28 21:00,2,0,1,1,13.12,16.665,21,8.9981
2011-03-28 22:00,2,0,1,1,12.3,14.395,22,15.0013
2011-03-28 23:00,2,0,1,1,11.48,12.88,24,19.9995
2011-03-29 0:00,2,0,1,1,10.66,11.365,28,22.0028
2011-03-29 1:00,2,0,1,1,9.84,10.605,32,19.9995
2011-03-29 2:00,2,0,1,1,9.84,10.605,32,19.9995
2011-03-29 3:00,2,0,1,1,9.84,10.605,32,19.9995
2011-03-29 4:00,2,0,1,1,8.2,10.605,44,11.0014
2011-03-29 5:00,2,0,1,1,9.02,10.605,37,16.9979
2011-03-29 6:00,2,0,1,1,9.02,10.605,41,19.9995
2011-03-29 7:00,2,0,1,1,9.02,9.85,41,23.9994
2011-03-29 8:00,2,0,1,1,9.84,10.605,35,23.9994
2011-03-29 9:00,2,0,1,1,11.48,12.88,28,26.0027
2011-03-29 10:00,2,0,1,1,12.3,13.635,24,19.9995
2011-03-29 11:00,2,0,1,2,13.94,15.15,25,26.0027
2011-03-29 12:00,2,0,1,1,13.94,16.665,25,11.0014
2011-03-29 13:00,2,0,1,1,13.94,15.15,25,19.9995
2011-03-29 14:00,2,0,1,1,14.76,16.665,25,16.9979
2011-03-29 15:00,2,0,1,1,15.58,19.695,25,15.0013
2011-03-29 16:00,2,0,1,1,15.58,19.695,22,11.0014
2011-03-29 17:00,2,0,1,1,16.4,20.455,20,8.9981
2011-03-29 18:00,2,0,1,1,14.76,18.18,21,6.0032
2011-03-29 19:00,2,0,1,1,13.94,16.665,23,12.998
2011-03-29 20:00,2,0,1,1,14.76,18.18,21,6.0032
2011-03-29 21:00,2,0,1,1,13.94,18.18,42,0
2011-03-29 22:00,2,0,1,1,13.94,18.18,49,0
2011-03-29 23:00,2,0,1,2,13.12,16.665,57,7.0015
2011-03-30 0:00,2,0,1,2,13.12,17.425,57,0
2011-03-30 1:00,2,0,1,1,13.12,17.425,39,0
2011-03-30 2:00,2,0,1,2,13.12,17.425,57,0
2011-03-30 3:00,2,0,1,2,13.12,17.425,49,0
2011-03-30 4:00,2,0,1,2,13.12,17.425,57,0
2011-03-30 5:00,2,0,1,2,12.3,14.395,56,12.998
2011-03-30 6:00,2,0,1,2,12.3,15.15,49,8.9981
2011-03-30 7:00,2,0,1,2,13.12,16.665,45,7.0015
2011-03-30 8:00,2,0,1,2,13.12,15.91,49,11.0014
2011-03-30 9:00,2,0,1,2,13.12,15.15,45,15.0013
2011-03-30 10:00,2,0,1,2,13.94,15.91,46,15.0013
2011-03-30 11:00,2,0,1,2,13.94,15.91,46,16.9979
2011-03-30 12:00,2,0,1,2,13.94,16.665,46,11.0014
2011-03-30 13:00,2,0,1,2,14.76,17.425,46,15.0013
2011-03-30 14:00,2,0,1,2,14.76,16.665,46,19.9995
2011-03-30 15:00,2,0,1,3,11.48,12.88,81,19.9995
2011-03-30 16:00,2,0,1,3,11.48,13.635,87,16.9979
2011-03-30 17:00,2,0,1,3,10.66,13.635,93,7.0015
2011-03-30 18:00,2,0,1,2,10.66,12.88,93,15.0013
2011-03-30 19:00,2,0,1,2,10.66,12.88,93,15.0013
2011-03-30 20:00,2,0,1,3,9.84,10.605,93,19.9995
2011-03-30 21:00,2,0,1,2,9.84,11.365,93,16.9979
2011-03-30 22:00,2,0,1,3,9.84,11.365,93,15.0013
2011-03-30 23:00,2,0,1,3,9.84,10.605,93,19.0012
2011-03-31 0:00,2,0,1,3,9.84,11.365,93,15.0013
2011-03-31 1:00,2,0,1,3,9.84,11.365,93,12.998
2011-03-31 2:00,2,0,1,3,9.84,11.365,93,12.998
2011-03-31 3:00,2,0,1,3,9.84,11.365,93,15.0013
2011-03-31 4:00,2,0,1,3,9.84,11.365,93,16.9979
2011-03-31 5:00,2,0,1,3,9.84,11.365,93,15.0013
2011-03-31 6:00,2,0,1,3,9.84,10.605,93,19.9995
2011-03-31 7:00,2,0,1,3,9.84,11.365,93,16.9979
2011-03-31 8:00,2,0,1,2,9.84,11.365,100,16.9979
2011-03-31 9:00,2,0,1,3,10.66,12.12,93,16.9979
2011-03-31 10:00,2,0,1,3,10.66,12.12,93,16.9979
2011-03-31 11:00,2,0,1,3,11.48,13.635,93,12.998
2011-03-31 12:00,2,0,1,3,11.48,13.635,93,12.998
2011-03-31 13:00,2,0,1,3,12.3,15.15,87,8.9981
2011-03-31 14:00,2,0,1,3,12.3,15.15,87,8.9981
2011-03-31 15:00,2,0,1,3,12.3,13.635,87,19.9995
2011-03-31 16:00,2,0,1,2,12.3,14.395,87,16.9979
2011-03-31 17:00,2,0,1,2,12.3,14.395,87,16.9979
2011-03-31 18:00,2,0,1,2,12.3,15.15,87,8.9981
2011-03-31 19:00,2,0,1,2,12.3,15.15,87,8.9981
2011-03-31 20:00,2,0,1,3,11.48,12.88,93,19.0012
2011-03-31 21:00,2,0,1,2,11.48,13.635,93,11.0014
2011-03-31 22:00,2,0,1,3,11.48,13.635,93,16.9979
2011-03-31 23:00,2,0,1,3,10.66,12.88,100,11.0014
2011-04-20 0:00,2,0,1,1,18.04,21.97,88,8.9981
2011-04-20 1:00,2,0,1,1,17.22,21.21,94,11.0014
2011-04-20 2:00,2,0,1,1,17.22,21.21,94,11.0014
2011-04-20 3:00,2,0,1,1,17.22,21.21,94,0
2011-04-20 4:00,2,0,1,1,16.4,20.455,100,7.0015
2011-04-20 5:00,2,0,1,1,16.4,20.455,94,12.998
2011-04-20 6:00,2,0,1,1,17.22,21.21,94,11.0014
2011-04-20 7:00,2,0,1,1,18.04,21.97,94,0
2011-04-20 8:00,2,0,1,1,25.42,30.305,69,31.0009
2011-04-20 9:00,2,0,1,1,27.06,31.06,61,19.0012
2011-04-20 10:00,2,0,1,1,25.42,30.305,69,6.0032
2011-04-20 11:00,2,0,1,1,25.42,30.305,69,6.0032
2011-04-20 12:00,2,0,1,1,28.7,32.575,48,26.0027
2011-04-20 13:00,2,0,1,1,28.7,32.575,48,26.0027
2011-04-20 14:00,2,0,1,1,30.34,32.575,40,31.0009
2011-04-20 15:00,2,0,1,2,31.16,33.335,35,23.9994
2011-04-20 16:00,2,0,1,2,31.16,33.335,35,23.9994
2011-04-20 17:00,2,0,1,2,30.34,32.575,37,27.9993
2011-04-20 18:00,2,0,1,1,30.34,32.575,30,23.9994
2011-04-20 19:00,2,0,1,1,28.7,31.82,32,16.9979
2011-04-20 20:00,2,0,1,1,27.88,31.06,32,7.0015
2011-04-20 21:00,2,0,1,1,27.06,31.06,36,19.0012
2011-04-20 22:00,2,0,1,1,25.42,31.06,41,16.9979
2011-04-20 23:00,2,0,1,1,24.6,31.06,40,22.0028
2011-04-21 0:00,2,0,1,1,22.96,26.515,43,23.9994
2011-04-21 1:00,2,0,1,1,21.32,25,45,15.0013
2011-04-21 2:00,2,0,1,1,20.5,24.24,42,26.0027
2011-04-21 3:00,2,0,1,2,18.86,22.725,51,31.0009
2011-04-21 4:00,2,0,1,2,18.04,21.97,54,30.0026
2011-04-21 5:00,2,0,1,2,17.22,21.21,54,36.9974
2011-04-21 6:00,2,0,1,2,16.4,20.455,58,39.0007
2011-04-21 7:00,2,0,1,2,17.22,21.21,47,31.0009
2011-04-21 8:00,2,0,1,2,16.4,20.455,50,32.9975
2011-04-21 9:00,2,0,1,2,17.22,21.21,47,19.0012
2011-04-21 10:00,2,0,1,1,17.22,21.21,44,23.9994
2011-04-21 11:00,2,0,1,1,18.04,21.97,41,19.0012
2011-04-21 12:00,2,0,1,1,18.86,22.725,38,11.0014
2011-04-21 13:00,2,0,1,1,19.68,23.485,33,22.0028
2011-04-21 14:00,2,0,1,1,20.5,24.24,34,26.0027
2011-04-21 15:00,2,0,1,1,21.32,25,29,27.9993
2011-04-21 16:00,2,0,1,1,21.32,25,27,23.9994
2011-04-21 17:00,2,0,1,1,20.5,24.24,29,11.0014
2011-04-21 18:00,2,0,1,1,20.5,24.24,25,19.0012
2011-04-21 19:00,2,0,1,1,18.86,22.725,28,19.0012
2011-04-21 20:00,2,0,1,1,18.04,21.97,30,8.9981
2011-04-21 21:00,2,0,1,1,17.22,21.21,47,12.998
2011-04-21 22:00,2,0,1,1,17.22,21.21,38,6.0032
2011-04-21 23:00,2,0,1,1,16.4,20.455,43,7.0015
2011-04-22 0:00,2,0,1,1,14.76,17.425,62,12.998
2011-04-22 1:00,2,0,1,1,14.76,16.665,53,16.9979
2011-04-22 2:00,2,0,1,1,14.76,16.665,53,19.9995
2011-04-22 3:00,2,0,1,1,14.76,16.665,53,19.9995
2011-04-22 4:00,2,0,1,1,13.94,15.91,53,19.0012
2011-04-22 5:00,2,0,1,1,13.94,15.91,53,15.0013
2011-04-22 6:00,2,0,1,1,13.94,15.91,53,19.0012
2011-04-22 7:00,2,0,1,2,13.94,15.91,53,19.0012
2011-04-22 8:00,2,0,1,2,13.94,15.91,53,16.9979
2011-04-22 9:00,2,0,1,3,13.94,15.15,61,19.9995
2011-04-22 10:00,2,0,1,2,14.76,17.425,62,12.998
2011-04-22 11:00,2,0,1,3,13.94,16.665,66,12.998
2011-04-22 12:00,2,0,1,3,13.94,16.665,76,8.9981
2011-04-22 13:00,2,0,1,3,13.94,16.665,87,12.998
2011-04-22 14:00,2,0,1,3,13.94,15.91,87,16.9979
2011-04-22 15:00,2,0,1,3,13.94,16.665,87,12.998
2011-04-22 16:00,2,0,1,3,13.94,16.665,87,8.9981
2011-04-22 17:00,2,0,1,3,13.12,15.15,93,15.0013
2011-04-22 18:00,2,0,1,3,13.12,15.15,93,15.0013
2011-04-22 19:00,2,0,1,3,13.12,15.15,93,15.0013
2011-04-22 20:00,2,0,1,3,13.12,15.15,87,15.0013
2011-04-22 21:00,2,0,1,3,12.3,15.15,93,11.0014
2011-04-22 22:00,2,0,1,3,12.3,15.15,100,8.9981
2011-04-22 23:00,2,0,1,3,13.12,16.665,93,7.0015
2011-04-23 0:00,2,0,0,2,13.12,15.91,100,12.998
2011-04-23 1:00,2,0,0,2,13.12,15.91,100,12.998
2011-04-23 2:00,2,0,0,3,13.12,16.665,100,8.9981
2011-04-23 3:00,2,0,0,3,13.12,16.665,100,6.0032
2011-04-23 4:00,2,0,0,3,13.94,18.18,100,0
2011-04-23 5:00,2,0,0,3,13.94,18.18,100,0
2011-04-23 6:00,2,0,0,2,13.94,16.665,100,11.0014
2011-04-23 7:00,2,0,0,3,13.94,16.665,100,11.0014
2011-04-23 8:00,2,0,0,2,14.76,16.665,100,16.9979
2011-04-23 9:00,2,0,0,2,15.58,19.695,94,19.9995
2011-04-23 10:00,2,0,0,2,17.22,21.21,88,15.0013
2011-04-23 11:00,2,0,0,2,18.86,22.725,88,15.0013
2011-04-23 12:00,2,0,0,1,21.32,25,83,27.9993
2011-04-23 13:00,2,0,0,1,21.32,25,83,26.0027
2011-04-23 14:00,2,0,0,1,23.78,27.275,78,23.9994
2011-04-23 15:00,2,0,0,1,24.6,29.545,73,26.0027
2011-04-23 16:00,2,0,0,1,24.6,29.545,73,19.0012
2011-04-23 17:00,2,0,0,1,24.6,29.545,73,22.0028
2011-04-23 18:00,2,0,0,1,23.78,27.275,78,12.998
2011-04-23 19:00,2,0,0,1,22.96,26.515,83,19.0012
2011-04-23 20:00,2,0,0,2,22.14,25.76,88,16.9979
2011-04-23 21:00,2,0,0,2,22.96,26.515,83,19.0012
2011-04-23 22:00,2,0,0,2,23.78,27.275,78,16.9979
2011-04-23 23:00,2,0,0,2,22.14,25.76,88,11.0014
2011-04-24 0:00,2,0,0,1,21.32,25,83,15.0013
2011-04-24 1:00,2,0,0,1,20.5,24.24,88,12.998
2011-04-24 2:00,2,0,0,1,20.5,24.24,88,12.998
2011-04-24 3:00,2,0,0,1,20.5,24.24,94,6.0032
2011-04-24 4:00,2,0,0,1,20.5,24.24,94,6.0032
2011-04-24 5:00,2,0,0,1,20.5,24.24,94,6.0032
2011-04-24 6:00,2,0,0,2,20.5,24.24,100,0
2011-04-24 7:00,2,0,0,2,20.5,24.24,100,0
2011-04-24 8:00,2,0,0,1,21.32,25,94,15.0013
2011-04-24 9:00,2,0,0,1,22.96,26.515,88,16.9979
2011-04-24 10:00,2,0,0,1,24.6,28.79,78,11.0014
2011-04-24 11:00,2,0,0,1,27.06,31.06,65,8.9981
2011-04-24 12:00,2,0,0,1,27.88,31.82,65,16.9979
2011-04-24 13:00,2,0,0,1,28.7,32.575,58,19.0012
2011-04-24 14:00,2,0,0,1,28.7,32.575,54,22.0028
2011-04-24 15:00,2,0,0,1,27.06,31.06,61,16.9979
2011-04-24 16:00,2,0,0,1,30.34,33.335,48,26.0027
2011-04-24 17:00,2,0,0,1,27.06,31.06,65,19.9995
2011-04-24 18:00,2,0,0,1,26.24,30.305,69,11.0014
2011-04-24 19:00,2,0,0,3,24.6,28.03,83,19.0012
2011-04-24 20:00,2,0,0,3,24.6,28.03,83,19.0012
2011-04-24 21:00,2,0,0,3,22.14,25.76,94,11.0014
2011-04-24 22:00,2,0,0,3,22.14,25.76,100,11.0014
2011-04-24 23:00,2,0,0,3,22.14,25.76,100,6.0032
2011-04-25 0:00,2,0,1,3,21.32,25,100,0
2011-04-25 1:00,2,0,1,1,22.14,25.76,100,6.0032
2011-04-25 2:00,2,0,1,1,22.14,25.76,100,6.0032
2011-04-25 3:00,2,0,1,2,20.5,24.24,100,7.0015
2011-04-25 4:00,2,0,1,2,21.32,25,100,0
2011-04-25 5:00,2,0,1,2,18.86,22.725,100,0
2011-04-25 6:00,2,0,1,2,20.5,24.24,100,0
2011-04-25 7:00,2,0,1,2,21.32,25,100,6.0032
2011-04-25 8:00,2,0,1,1,22.96,26.515,88,7.0015
2011-04-25 9:00,2,0,1,1,24.6,28.03,83,8.9981
2011-04-25 10:00,2,0,1,1,26.24,30.305,73,15.0013
2011-04-25 11:00,2,0,1,1,26.24,30.305,73,15.0013
2011-04-25 12:00,2,0,1,1,27.06,31.06,74,16.9979
2011-04-25 13:00,2,0,1,1,28.7,32.575,65,15.0013
2011-04-25 14:00,2,0,1,1,29.52,33.335,54,15.0013
2011-04-25 15:00,2,0,1,1,30.34,33.335,51,15.0013
2011-04-25 16:00,2,0,1,1,28.7,32.575,54,23.9994
2011-04-25 17:00,2,0,1,1,28.7,32.575,54,19.9995
2011-04-25 18:00,2,0,1,1,27.88,31.82,57,23.9994
2011-04-25 19:00,2,0,1,1,27.06,31.06,57,22.0028
2011-04-25 20:00,2,0,1,1,27.06,31.06,61,19.0012
2011-04-25 21:00,2,0,1,1,25.42,30.305,69,16.9979
2011-04-25 22:00,2,0,1,1,24.6,29.545,73,19.9995
2011-04-25 23:00,2,0,1,1,23.78,27.275,78,19.0012
2011-04-26 0:00,2,0,1,1,25.42,30.305,69,19.0012
2011-04-26 1:00,2,0,1,1,25.42,29.545,73,19.0012
2011-04-26 2:00,2,0,1,1,22.96,26.515,83,22.0028
2011-04-26 3:00,2,0,1,1,22.14,25.76,88,19.0012
2011-04-26 4:00,2,0,1,1,22.96,26.515,83,16.9979
2011-04-26 5:00,2,0,1,1,22.14,25.76,88,16.9979
2011-04-26 6:00,2,0,1,1,22.96,26.515,88,15.0013
2011-04-26 7:00,2,0,1,1,23.78,27.275,83,19.9995
2011-04-26 8:00,2,0,1,1,23.78,27.275,83,19.9995
2011-04-26 9:00,2,0,1,1,26.24,30.305,73,23.9994
2011-04-26 10:00,2,0,1,1,27.06,31.06,69,23.9994
2011-04-26 11:00,2,0,1,1,27.88,31.82,65,26.0027
2011-04-26 12:00,2,0,1,1,28.7,32.575,61,27.9993
2011-04-26 13:00,2,0,1,1,30.34,33.335,51,30.0026
2011-04-26 14:00,2,0,1,1,29.52,33.335,58,22.0028
2011-04-26 15:00,2,0,1,1,28.7,32.575,61,23.9994
2011-04-26 16:00,2,0,1,1,28.7,32.575,58,26.0027
2011-04-26 17:00,2,0,1,1,27.88,31.82,61,23.9994
2011-04-26 18:00,2,0,1,1,27.88,31.82,65,30.0026
2011-04-26 19:00,2,0,1,1,26.24,30.305,73,27.9993
2011-04-26 20:00,2,0,1,1,26.24,30.305,73,23.9994
2011-04-26 21:00,2,0,1,1,25.42,29.545,78,19.0012
2011-04-26 22:00,2,0,1,2,24.6,28.03,83,12.998
2011-04-26 23:00,2,0,1,2,24.6,28.03,83,15.0013
2011-04-27 0:00,2,0,1,1,24.6,28.03,83,15.0013
2011-04-27 1:00,2,0,1,1,24.6,28.03,83,16.9979
2011-04-27 2:00,2,0,1,1,23.78,27.275,88,16.9979
2011-04-27 3:00,2,0,1,2,23.78,27.275,88,19.0012
2011-04-27 4:00,2,0,1,1,22.96,26.515,94,15.0013
2011-04-27 5:00,2,0,1,2,22.96,26.515,94,16.9979
2011-04-27 6:00,2,0,1,1,22.96,26.515,94,16.9979
2011-04-27 7:00,2,0,1,2,23.78,27.275,88,19.0012
2011-04-27 8:00,2,0,1,2,23.78,27.275,88,22.0028
2011-04-27 9:00,2,0,1,2,24.6,27.275,88,27.9993
2011-04-27 10:00,2,0,1,2,25.42,28.79,83,19.0012
2011-04-27 11:00,2,0,1,2,26.24,29.545,78,19.0012
2011-04-27 12:00,2,0,1,1,27.06,30.305,78,22.0028
2011-04-27 13:00,2,0,1,1,26.24,29.545,78,19.9995
2011-04-27 14:00,2,0,1,1,27.88,31.82,74,19.0012
2011-04-27 15:00,2,0,1,1,28.7,32.575,65,32.9975
2011-04-27 16:00,2,0,1,1,28.7,32.575,70,26.0027
2011-04-27 17:00,2,0,1,3,27.06,30.305,83,26.0027
2011-04-27 18:00,2,0,1,3,27.06,30.305,83,26.0027
2011-04-27 19:00,2,0,1,1,25.42,29.545,78,19.0012
2011-04-27 20:00,2,0,1,1,26.24,28.79,83,22.0028
2011-04-27 21:00,2,0,1,1,25.42,28.03,88,19.0012
2011-04-27 22:00,2,0,1,2,25.42,28.03,88,22.0028
2011-04-27 23:00,2,0,1,2,25.42,28.03,88,23.9994
2011-04-28 0:00,2,0,1,1,26.24,29.545,78,23.9994
2011-04-28 1:00,2,0,1,2,25.42,28.79,83,26.0027
2011-04-28 2:00,2,0,1,2,25.42,28.79,83,30.0026
2011-04-28 3:00,2,0,1,2,26.24,29.545,78,26.0027
2011-04-28 4:00,2,0,1,2,25.42,28.79,83,27.9993
2011-04-28 5:00,2,0,1,2,25.42,28.79,83,26.0027
2011-04-28 6:00,2,0,1,2,26.24,29.545,78,31.0009
2011-04-28 7:00,2,0,1,2,26.24,29.545,78,30.0026
2011-04-28 8:00,2,0,1,2,27.06,30.305,78,30.0026
2011-04-28 9:00,2,0,1,3,25.42,28.03,88,22.0028
2011-04-28 10:00,2,0,1,2,25.42,28.03,88,19.0012
2011-04-28 11:00,2,0,1,2,25.42,28.79,83,19.0012
2011-04-28 12:00,2,0,1,2,25.42,29.545,78,16.9979
2011-04-28 13:00,2,0,1,2,25.42,28.79,83,19.9995
2011-04-28 14:00,2,0,1,1,25.42,28.79,83,19.9995
2011-04-28 15:00,2,0,1,1,27.06,31.06,69,22.0028
2011-04-28 16:00,2,0,1,1,25.42,29.545,78,16.9979
2011-04-28 17:00,2,0,1,1,26.24,31.06,47,23.9994
2011-04-28 18:00,2,0,1,1,26.24,31.06,47,23.9994
2011-04-28 19:00,2,0,1,1,25.42,31.06,43,19.9995
2011-04-28 20:00,2,0,1,1,23.78,27.275,43,15.0013
2011-04-28 21:00,2,0,1,1,22.96,26.515,46,8.9981
2011-04-28 22:00,2,0,1,1,22.14,25.76,45,11.0014
2011-04-28 23:00,2,0,1,1,22.14,25.76,39,6.0032
2011-04-29 0:00,2,0,1,1,21.32,25,39,19.0012
2011-04-29 1:00,2,0,1,1,20.5,24.24,45,6.0032
2011-04-29 2:00,2,0,1,1,18.86,22.725,63,7.0015
2011-04-29 3:00,2,0,1,1,18.86,22.725,59,6.0032
2011-04-29 4:00,2,0,1,1,18.86,22.725,51,8.9981
2011-04-29 5:00,2,0,1,1,18.86,22.725,47,8.9981
2011-04-29 6:00,2,0,1,1,20.5,24.24,45,19.0012
2011-04-29 7:00,2,0,1,1,21.32,25,42,12.998
2011-04-29 8:00,2,0,1,1,22.14,25.76,39,19.9995
2011-04-29 9:00,2,0,1,1,22.14,25.76,39,22.0028
2011-04-29 10:00,2,0,1,1,22.96,26.515,40,19.0012
2011-04-29 11:00,2,0,1,1,24.6,31.06,38,15.0013
2011-04-29 12:00,2,0,1,1,22.96,26.515,37,19.0012
2011-04-29 13:00,2,0,1,1,22.96,26.515,37,19.9995
2011-04-29 14:00,2,0,1,1,24.6,31.06,35,22.0028
2011-04-29 15:00,2,0,1,2,22.96,26.515,40,19.9995
2011-04-29 16:00,2,0,1,2,22.14,25.76,42,23.9994
2011-04-29 17:00,2,0,1,2,21.32,25,45,26.0027
2011-04-29 18:00,2,0,1,1,21.32,25,48,23.9994
2011-04-29 19:00,2,0,1,1,18.86,22.725,55,22.0028
2011-04-29 20:00,2,0,1,1,19.68,23.485,48,15.0013
2011-04-29 21:00,2,0,1,1,18.86,22.725,51,12.998
2011-04-29 22:00,2,0,1,1,17.22,21.21,58,11.0014
2011-04-29 23:00,2,0,1,2,18.04,21.97,54,6.0032
2011-04-30 0:00,2,0,0,2,18.04,21.97,54,16.9979
2011-04-30 1:00,2,0,0,2,18.04,21.97,54,11.0014
2011-04-30 2:00,2,0,0,2,18.04,21.97,54,15.0013
2011-04-30 3:00,2,0,0,2,17.22,21.21,54,12.998
2011-04-30 4:00,2,0,0,2,17.22,21.21,54,15.0013
2011-04-30 5:00,2,0,0,1,17.22,21.21,54,26.0027
2011-04-30 6:00,2,0,0,1,16.4,20.455,58,19.0012
2011-04-30 7:00,2,0,0,1,16.4,20.455,54,26.0027
2011-04-30 8:00,2,0,0,1,16.4,20.455,54,19.9995
2011-04-30 9:00,2,0,0,1,18.04,21.97,51,23.9994
2011-04-30 10:00,2,0,0,1,19.68,23.485,44,26.0027
2011-04-30 11:00,2,0,0,1,20.5,24.24,42,23.9994
2011-04-30 12:00,2,0,0,1,21.32,25,42,26.0027
2011-04-30 13:00,2,0,0,1,22.14,25.76,39,19.9995
2011-04-30 14:00,2,0,0,1,22.14,25.76,39,15.0013
2011-04-30 15:00,2,0,0,1,22.96,26.515,37,8.9981
2011-04-30 16:00,2,0,0,1,23.78,27.275,37,12.998
2011-04-30 17:00,2,0,0,1,22.96,26.515,43,8.9981
2011-04-30 18:00,2,0,0,1,22.14,25.76,43,8.9981
2011-04-30 19:00,2,0,0,1,22.14,25.76,43,8.9981
2011-04-30 20:00,2,0,0,1,18.04,21.97,62,8.9981
2011-04-30 21:00,2,0,0,1,18.04,21.97,62,8.9981
2011-04-30 22:00,2,0,0,1,18.04,21.97,67,7.0015
2011-04-30 23:00,2,0,0,1,18.04,21.97,67,7.0015
2011-05-20 0:00,2,0,1,1,18.86,22.725,94,6.0032
2011-05-20 1:00,2,0,1,1,18.86,22.725,100,0
2011-05-20 2:00,2,0,1,1,18.04,21.97,100,6.0032
2011-05-20 3:00,2,0,1,1,18.04,21.97,100,0
2011-05-20 4:00,2,0,1,1,18.04,21.97,94,6.0032
2011-05-20 5:00,2,0,1,1,18.04,21.97,94,7.0015
2011-05-20 6:00,2,0,1,1,18.86,22.725,88,7.0015
2011-05-20 7:00,2,0,1,1,20.5,24.24,77,11.0014
2011-05-20 8:00,2,0,1,1,22.14,25.76,68,0
2011-05-20 9:00,2,0,1,1,22.14,25.76,68,15.0013
2011-05-20 10:00,2,0,1,1,22.96,26.515,64,12.998
2011-05-20 11:00,2,0,1,2,23.78,27.275,60,12.998
2011-05-20 12:00,2,0,1,2,24.6,31.06,56,16.9979
2011-05-20 13:00,2,0,1,3,24.6,31.06,56,19.0012
2011-05-20 14:00,2,0,1,1,25.42,31.06,53,15.0013
2011-05-20 15:00,2,0,1,2,24.6,31.06,56,12.998
2011-05-20 16:00,2,0,1,2,24.6,31.06,53,11.0014
2011-05-20 17:00,2,0,1,1,25.42,31.06,53,0
2011-05-20 18:00,2,0,1,1,24.6,31.06,56,11.0014
2011-05-20 19:00,2,0,1,1,23.78,27.275,64,6.0032
2011-05-20 20:00,2,0,1,1,23.78,27.275,64,7.0015
2011-05-20 21:00,2,0,1,1,22.96,26.515,64,7.0015
2011-05-20 22:00,2,0,1,1,22.14,25.76,73,0
2011-05-20 23:00,2,0,1,1,21.32,25,72,11.0014
2011-05-21 0:00,2,0,0,1,21.32,25,77,7.0015
2011-05-21 1:00,2,0,0,1,21.32,25,72,0
2011-05-21 2:00,2,0,0,1,21.32,25,72,7.0015
2011-05-21 3:00,2,0,0,1,19.68,23.485,82,7.0015
2011-05-21 4:00,2,0,0,1,18.86,22.725,88,8.9981
2011-05-21 5:00,2,0,0,1,18.86,22.725,88,7.0015
2011-05-21 6:00,2,0,0,1,20.5,24.24,82,8.9981
2011-05-21 7:00,2,0,0,1,22.14,25.76,73,8.9981
2011-05-21 8:00,2,0,0,1,22.96,26.515,68,19.0012
2011-05-21 9:00,2,0,0,1,24.6,30.305,64,15.0013
2011-05-21 10:00,2,0,0,1,25.42,30.305,61,7.0015
2011-05-21 11:00,2,0,0,1,26.24,31.06,53,8.9981
2011-05-21 12:00,2,0,0,1,27.06,31.06,50,0
2011-05-21 13:00,2,0,0,1,28.7,31.82,45,0
2011-05-21 14:00,2,0,0,1,29.52,32.575,42,0
2011-05-21 15:00,2,0,0,1,29.52,32.575,45,16.9979
2011-05-21 16:00,2,0,0,2,29.52,32.575,39,16.9979
2011-05-21 17:00,2,0,0,2,29.52,32.575,42,11.0014
2011-05-21 18:00,2,0,0,2,28.7,31.82,45,11.0014
2011-05-21 19:00,2,0,0,1,27.88,31.82,47,11.0014
2011-05-21 20:00,2,0,0,1,25.42,30.305,61,0
2011-05-21 21:00,2,0,0,1,25.42,30.305,61,7.0015
2011-05-21 22:00,2,0,0,1,24.6,29.545,69,8.9981
2011-05-21 23:00,2,0,0,1,23.78,27.275,78,6.0032
2011-05-22 0:00,2,0,0,1,22.14,25.76,88,11.0014
2011-05-22 1:00,2,0,0,1,21.32,25,94,8.9981
2011-05-22 2:00,2,0,0,1,21.32,25,94,7.0015
2011-05-22 3:00,2,0,0,1,20.5,24.24,100,7.0015
2011-05-22 4:00,2,0,0,1,20.5,24.24,100,0
2011-05-22 5:00,2,0,0,1,20.5,24.24,100,7.0015
2011-05-22 6:00,2,0,0,1,21.32,25,94,7.0015
2011-05-22 7:00,2,0,0,1,22.14,25.76,88,7.0015
2011-05-22 8:00,2,0,0,1,24.6,29.545,73,6.0032
2011-05-22 9:00,2,0,0,1,25.42,30.305,69,7.0015
2011-05-22 10:00,2,0,0,1,26.24,30.305,65,8.9981
2011-05-22 11:00,2,0,0,1,28.7,32.575,54,12.998
2011-05-22 12:00,2,0,0,2,29.52,33.335,51,12.998
2011-05-22 13:00,2,0,0,2,27.06,31.06,54,15.0013
2011-05-22 14:00,2,0,0,3,25.42,30.305,69,12.998
2011-05-22 15:00,2,0,0,2,27.06,31.06,61,11.0014
2011-05-22 16:00,2,0,0,1,27.88,31.82,61,8.9981
2011-05-22 17:00,2,0,0,1,28.7,32.575,58,16.9979
2011-05-22 18:00,2,0,0,1,27.06,31.06,61,15.0013
2011-05-22 19:00,2,0,0,1,27.06,31.06,61,12.998
2011-05-22 20:00,2,0,0,1,26.24,30.305,65,11.0014
2011-05-22 21:00,2,0,0,1,25.42,29.545,73,12.998
2011-05-22 22:00,2,0,0,1,24.6,28.03,83,8.9981
2011-05-22 23:00,2,0,0,2,23.78,27.275,83,8.9981
2011-05-23 0:00,2,0,1,2,22.96,26.515,88,8.9981
2011-05-23 1:00,2,0,1,1,22.96,26.515,88,7.0015
2011-05-23 2:00,2,0,1,3,22.96,26.515,88,11.0014
2011-05-23 3:00,2,0,1,3,22.14,25.76,94,11.0014
2011-05-23 4:00,2,0,1,2,22.14,25.76,94,0
2011-05-23 5:00,2,0,1,2,22.14,25.76,94,0
2011-05-23 6:00,2,0,1,2,22.14,25.76,100,0
2011-05-23 7:00,2,0,1,2,22.96,26.515,94,7.0015
2011-05-23 8:00,2,0,1,1,24.6,27.275,88,12.998
2011-05-23 9:00,2,0,1,1,24.6,27.275,88,15.0013
2011-05-23 10:00,2,0,1,1,27.06,31.06,74,19.9995
2011-05-23 11:00,2,0,1,1,27.88,31.82,69,26.0027
2011-05-23 12:00,2,0,1,1,27.88,31.82,69,26.0027
2011-05-23 13:00,2,0,1,2,30.34,34.09,58,27.9993
2011-05-23 14:00,2,0,1,2,29.52,34.09,62,35.0008
2011-05-23 15:00,2,0,1,2,29.52,34.09,62,30.0026
2011-05-23 16:00,2,0,1,2,29.52,34.09,62,19.9995
2011-05-23 17:00,2,0,1,3,29.52,34.09,70,26.0027
2011-05-23 18:00,2,0,1,1,28.7,33.335,74,19.0012
2011-05-23 19:00,2,0,1,1,28.7,33.335,74,15.0013
2011-05-23 20:00,2,0,1,1,26.24,28.79,83,15.0013
2011-05-23 21:00,2,0,1,1,26.24,28.79,89,15.0013
2011-05-23 22:00,2,0,1,1,25.42,27.275,94,15.0013
2011-05-23 23:00,2,0,1,2,25.42,28.03,88,12.998
2011-05-24 0:00,2,0,1,2,24.6,25.76,94,12.998
2011-05-24 1:00,2,0,1,2,24.6,25.76,94,11.0014
2011-05-24 2:00,2,0,1,2,24.6,25.76,94,12.998
2011-05-24 3:00,2,0,1,2,23.78,27.275,94,7.0015
2011-05-24 4:00,2,0,1,1,24.6,27.275,88,7.0015
2011-05-24 5:00,2,0,1,2,23.78,27.275,94,16.9979
2011-05-24 6:00,2,0,1,2,23.78,27.275,94,12.998
2011-05-24 7:00,2,0,1,3,26.24,29.545,78,12.998
2011-05-24 8:00,2,0,1,3,25.42,28.79,83,15.0013
2011-05-24 9:00,2,0,1,2,26.24,30.305,73,12.998
2011-05-24 10:00,2,0,1,1,28.7,32.575,61,22.0028
2011-05-24 11:00,2,0,1,1,30.34,33.335,51,15.0013
2011-05-24 12:00,2,0,1,1,31.16,34.09,45,26.0027
2011-05-24 13:00,2,0,1,1,31.98,34.85,46,16.9979
2011-05-24 14:00,2,0,1,1,31.98,34.85,46,19.0012
2011-05-24 15:00,2,0,1,3,30.34,34.09,55,27.9993
2011-05-24 16:00,2,0,1,1,27.06,31.06,69,12.998
2011-05-24 17:00,2,0,1,1,28.7,32.575,61,7.0015
2011-05-24 18:00,2,0,1,1,28.7,32.575,70,12.998
2011-05-24 19:00,2,0,1,1,27.06,31.06,74,12.998
2011-05-24 20:00,2,0,1,1,27.06,31.06,74,6.0032
2011-05-24 21:00,2,0,1,1,26.24,29.545,78,6.0032
2011-05-24 22:00,2,0,1,3,25.42,28.03,88,15.0013
2011-05-24 23:00,2,0,1,3,27.06,31.06,74,11.0014
2011-05-25 0:00,2,0,1,3,24.6,28.03,83,15.0013
2011-05-25 1:00,2,0,1,3,23.78,27.275,83,12.998
2011-05-25 2:00,2,0,1,2,22.96,26.515,94,0
2011-05-25 3:00,2,0,1,1,22.14,25.76,100,8.9981
2011-05-25 4:00,2,0,1,1,22.14,25.76,100,7.0015
2011-05-25 5:00,2,0,1,1,22.96,26.515,88,6.0032
2011-05-25 6:00,2,0,1,1,22.96,26.515,94,6.0032
2011-05-25 7:00,2,0,1,1,25.42,29.545,73,8.9981
2011-05-25 8:00,2,0,1,1,26.24,30.305,69,15.0013
2011-05-25 9:00,2,0,1,1,27.88,31.82,65,6.0032
2011-05-25 10:00,2,0,1,1,28.7,32.575,61,6.0032
2011-05-25 11:00,2,0,1,1,30.34,33.335,51,6.0032
2011-05-25 12:00,2,0,1,1,30.34,34.09,55,8.9981
2011-05-25 13:00,2,0,1,1,30.34,34.09,55,8.9981
2011-05-25 14:00,2,0,1,1,30.34,34.09,55,11.0014
2011-05-25 15:00,2,0,1,1,31.16,34.85,52,16.9979
2011-05-25 16:00,2,0,1,1,30.34,33.335,51,19.0012
2011-05-25 17:00,2,0,1,1,30.34,33.335,51,15.0013
2011-05-25 18:00,2,0,1,1,29.52,33.335,58,15.0013
2011-05-25 19:00,2,0,1,1,28.7,32.575,61,8.9981
2011-05-25 20:00,2,0,1,1,28.7,32.575,61,11.0014
2011-05-25 21:00,2,0,1,1,27.06,31.06,69,8.9981
2011-05-25 22:00,2,0,1,1,27.06,31.06,69,16.9979
2011-05-25 23:00,2,0,1,1,26.24,30.305,73,8.9981
2011-05-26 0:00,2,0,1,1,26.24,30.305,73,8.9981
2011-05-26 1:00,2,0,1,1,26.24,30.305,73,8.9981
2011-05-26 2:00,2,0,1,1,25.42,28.79,83,7.0015
2011-05-26 3:00,2,0,1,1,24.6,27.275,88,6.0032
2011-05-26 4:00,2,0,1,1,24.6,27.275,88,0
2011-05-26 5:00,2,0,1,2,24.6,27.275,88,6.0032
2011-05-26 6:00,2,0,1,2,24.6,25,100,6.0032
2011-05-26 7:00,2,0,1,2,25.42,27.275,94,16.9979
2011-05-26 8:00,2,0,1,2,27.06,30.305,83,11.0014
2011-05-26 9:00,2,0,1,1,29.52,34.09,70,11.0014
2011-05-26 10:00,2,0,1,1,28.7,33.335,74,19.0012
2011-05-26 11:00,2,0,1,1,30.34,34.85,66,15.0013
2011-05-26 12:00,2,0,1,1,31.98,37.12,59,22.0028
2011-05-26 13:00,2,0,1,1,33.62,38.635,52,19.0012
2011-05-26 14:00,2,0,1,1,33.62,38.635,52,19.0012
2011-05-26 15:00,2,0,1,2,33.62,37.88,46,19.0012
2011-05-26 16:00,2,0,1,2,32.8,37.12,49,23.9994
2011-05-26 17:00,2,0,1,1,32.8,36.365,46,19.0012
2011-05-26 18:00,2,0,1,1,32.8,36.365,46,22.0028
2011-05-26 19:00,2,0,1,1,31.98,34.85,46,22.0028
2011-05-26 20:00,2,0,1,1,29.52,33.335,58,11.0014
2011-05-26 21:00,2,0,1,1,29.52,34.09,62,6.0032
2011-05-26 22:00,2,0,1,1,28.7,32.575,65,8.9981
2011-05-26 23:00,2,0,1,1,28.7,32.575,65,12.998
2011-05-27 0:00,2,0,1,1,27.88,31.82,69,16.9979
2011-05-27 1:00,2,0,1,1,28.7,32.575,58,19.9995
2011-05-27 2:00,2,0,1,1,27.88,31.82,61,15.0013
2011-05-27 3:00,2,0,1,1,27.06,31.06,65,6.0032
2011-05-27 4:00,2,0,1,1,26.24,30.305,69,8.9981
2011-05-27 5:00,2,0,1,1,26.24,30.305,65,19.0012
2011-05-27 6:00,2,0,1,1,26.24,30.305,69,6.0032
2011-05-27 7:00,2,0,1,1,26.24,30.305,73,11.0014
2011-05-27 8:00,2,0,1,1,27.06,31.06,74,19.0012
2011-05-27 9:00,2,0,1,1,28.7,32.575,65,19.0012
2011-05-27 10:00,2,0,1,1,29.52,33.335,54,26.0027
2011-05-27 11:00,2,0,1,2,30.34,34.09,55,22.0028
2011-05-27 12:00,2,0,1,2,31.16,34.85,55,19.9995
2011-05-27 13:00,2,0,1,1,30.34,34.09,58,12.998
2011-05-27 14:00,2,0,1,1,31.16,34.85,55,16.9979
2011-05-27 15:00,2,0,1,1,31.98,35.605,49,19.0012
2011-05-27 16:00,2,0,1,2,31.16,34.85,55,26.0027
2011-05-27 17:00,2,0,1,1,30.34,34.09,58,26.0027
2011-05-27 18:00,2,0,1,2,29.52,34.09,62,19.9995
2011-05-27 19:00,2,0,1,3,24.6,28.79,78,16.9979
2011-05-27 20:00,2,0,1,2,25.42,29.545,73,15.0013
2011-05-27 21:00,2,0,1,1,24.6,28.03,83,7.0015
2011-05-27 22:00,2,0,1,1,24.6,28.79,78,8.9981
2011-05-27 23:00,2,0,1,1,23.78,27.275,88,8.9981
2011-05-28 0:00,2,0,0,1,23.78,27.275,88,8.9981
2011-05-28 1:00,2,0,0,1,23.78,27.275,88,12.998
2011-05-28 2:00,2,0,0,1,22.96,26.515,94,12.998
2011-05-28 3:00,2,0,0,1,22.96,26.515,88,15.0013
2011-05-28 4:00,2,0,0,1,22.96,26.515,88,16.9979
2011-05-28 5:00,2,0,0,1,22.96,26.515,88,15.0013
2011-05-28 6:00,2,0,0,1,23.78,27.275,83,16.9979
2011-05-28 7:00,2,0,0,1,24.6,28.03,83,16.9979
2011-05-28 8:00,2,0,0,1,25.42,29.545,78,12.998
2011-05-28 9:00,2,0,0,1,26.24,30.305,73,16.9979
2011-05-28 10:00,2,0,0,1,28.7,32.575,65,15.0013
2011-05-28 11:00,2,0,0,1,28.7,32.575,65,15.0013
2011-05-28 12:00,2,0,0,1,29.52,33.335,58,16.9979
2011-05-28 13:00,2,0,0,1,29.52,34.09,62,15.0013
2011-05-28 14:00,2,0,0,1,30.34,34.09,58,15.0013
2011-05-28 15:00,2,0,0,1,30.34,34.09,55,15.0013
2011-05-28 16:00,2,0,0,1,31.16,34.85,55,19.0012
2011-05-28 17:00,2,0,0,1,30.34,34.09,55,19.9995
2011-05-28 18:00,2,0,0,1,29.52,34.09,62,16.9979
2011-05-28 19:00,2,0,0,1,28.7,32.575,65,12.998
2011-05-28 20:00,2,0,0,1,28.7,32.575,65,15.0013
2011-05-28 21:00,2,0,0,1,27.06,31.06,74,19.9995
2011-05-28 22:00,2,0,0,1,27.06,30.305,78,15.0013
2011-05-28 23:00,2,0,0,1,26.24,28.79,83,12.998
2011-05-29 0:00,2,0,0,1,26.24,28.79,83,15.0013
2011-05-29 1:00,2,0,0,1,25.42,28.03,88,11.0014
2011-05-29 2:00,2,0,0,1,25.42,28.03,88,7.0015
2011-05-29 3:00,2,0,0,1,25.42,28.03,88,7.0015
2011-05-29 4:00,2,0,0,1,24.6,27.275,88,6.0032
2011-05-29 5:00,2,0,0,1,24.6,25.76,94,11.0014
2011-05-29 6:00,2,0,0,2,25.42,28.03,88,12.998
2011-05-29 7:00,2,0,0,2,25.42,28.03,88,16.9979
2011-05-29 8:00,2,0,0,2,25.42,28.03,88,15.0013
2011-05-29 9:00,2,0,0,2,25.42,27.275,94,16.9979
2011-05-29 10:00,2,0,0,2,27.06,30.305,83,15.0013
2011-05-29 11:00,2,0,0,2,27.06,30.305,83,19.0012
2011-05-29 12:00,2,0,0,2,28.7,33.335,74,15.0013
2011-05-29 13:00,2,0,0,1,29.52,34.09,70,19.0012
2011-05-29 14:00,2,0,0,1,30.34,34.85,70,19.0012
2011-05-29 15:00,2,0,0,1,30.34,34.85,70,19.9995
2011-05-29 16:00,2,0,0,1,30.34,34.85,70,19.0012
2011-05-29 17:00,2,0,0,1,30.34,34.85,70,19.0012
2011-05-29 18:00,2,0,0,1,29.52,34.85,74,19.0012
2011-05-29 19:00,2,0,0,1,29.52,34.85,74,16.9979
2011-05-29 20:00,2,0,0,1,28.7,33.335,79,12.998
2011-05-29 21:00,2,0,0,1,27.88,31.82,83,11.0014
2011-05-29 22:00,2,0,0,1,27.06,29.545,89,8.9981
2011-05-29 23:00,2,0,0,1,27.06,29.545,89,11.0014
2011-05-30 0:00,2,1,0,1,26.24,28.03,94,12.998
2011-05-30 1:00,2,1,0,1,26.24,28.03,94,8.9981
2011-05-30 2:00,2,1,0,1,26.24,28.03,94,12.998
2011-05-30 3:00,2,1,0,1,26.24,28.03,94,12.998
2011-05-30 4:00,2,1,0,1,25.42,27.275,94,11.0014
2011-05-30 5:00,2,1,0,2,25.42,27.275,94,7.0015
2011-05-30 6:00,2,1,0,2,26.24,28.03,94,6.0032
2011-05-30 7:00,2,1,0,2,26.24,28.03,94,0
2011-05-30 8:00,2,1,0,2,27.06,29.545,89,7.0015
2011-05-30 9:00,2,1,0,1,29.52,34.85,74,6.0032
2011-05-30 10:00,2,1,0,1,32.8,37.88,55,16.9979
2011-05-30 11:00,2,1,0,1,33.62,38.635,52,0
2011-05-30 12:00,2,1,0,1,35.26,40.15,47,7.0015
2011-05-30 13:00,2,1,0,1,35.26,39.395,44,6.0032
2011-05-30 14:00,2,1,0,1,36.08,40.15,39,0
2011-05-30 15:00,2,1,0,1,36.08,40.15,39,16.9979
2011-05-30 16:00,2,1,0,1,36.08,39.395,37,19.0012
2011-05-30 17:00,2,1,0,1,35.26,39.395,41,15.0013
2011-05-30 18:00,2,1,0,1,35.26,39.395,41,11.0014
2011-05-30 19:00,2,1,0,2,21.32,25,48,7.0015
2011-05-30 20:00,2,1,0,1,31.16,35.605,58,0
2011-05-30 21:00,2,1,0,1,30.34,34.85,70,8.9981
2011-05-30 22:00,2,1,0,1,29.52,34.85,74,11.0014
2011-05-30 23:00,2,1,0,1,28.7,33.335,84,7.0015
2011-05-31 0:00,2,0,1,1,28.7,33.335,79,6.0032
2011-05-31 1:00,2,0,1,1,27.88,31.82,89,6.0032
2011-05-31 2:00,2,0,1,2,27.06,29.545,94,8.9981
2011-05-31 3:00,2,0,1,2,26.24,28.03,94,0
2011-05-31 4:00,2,0,1,1,27.06,30.305,83,6.0032
2011-05-31 5:00,2,0,1,1,27.06,30.305,83,6.0032
2011-05-31 6:00,2,0,1,1,27.88,31.82,79,6.0032
2011-05-31 7:00,2,0,1,1,30.34,34.85,66,7.0015
2011-05-31 8:00,2,0,1,1,31.98,37.12,59,8.9981
2011-05-31 9:00,2,0,1,1,32.8,37.88,55,8.9981
2011-05-31 10:00,2,0,1,1,33.62,39.395,56,8.9981
2011-05-31 11:00,2,0,1,1,35.26,40.15,47,0
2011-05-31 12:00,2,0,1,1,35.26,40.15,47,8.9981
2011-05-31 13:00,2,0,1,1,36.9,41.665,39,11.0014
2011-05-31 14:00,2,0,1,1,36.9,40.91,37,0
2011-05-31 15:00,2,0,1,1,36.9,40.91,37,11.0014
2011-05-31 16:00,2,0,1,1,36.9,41.665,39,8.9981
2011-05-31 17:00,2,0,1,1,34.44,40.15,53,15.0013
2011-05-31 18:00,2,0,1,1,34.44,40.15,53,12.998
2011-05-31 19:00,2,0,1,1,31.98,37.12,62,7.0015
2011-05-31 20:00,2,0,1,1,31.98,37.12,62,7.0015
2011-05-31 21:00,2,0,1,1,31.16,36.365,66,7.0015
2011-05-31 22:00,2,0,1,1,30.34,34.85,70,11.0014
2011-05-31 23:00,2,0,1,1,29.52,34.85,79,6.0032
2011-06-20 0:00,2,0,1,1,27.06,30.305,83,11.0014
2011-06-20 1:00,2,0,1,1,26.24,28.79,89,6.0032
2011-06-20 2:00,2,0,1,1,26.24,28.79,89,6.0032
2011-06-20 3:00,2,0,1,3,26.24,28.79,89,0
2011-06-20 4:00,2,0,1,3,25.42,28.03,88,11.0014
2011-06-20 5:00,2,0,1,3,25.42,28.79,83,8.9981
2011-06-20 6:00,2,0,1,3,24.6,28.79,78,8.9981
2011-06-20 7:00,2,0,1,3,22.96,26.515,88,12.998
2011-06-20 8:00,2,0,1,3,22.96,26.515,83,12.998
2011-06-20 9:00,2,0,1,2,24.6,28.79,78,16.9979
2011-06-20 10:00,2,0,1,2,24.6,28.79,78,16.9979
2011-06-20 11:00,2,0,1,2,24.6,28.79,78,7.0015
2011-06-20 12:00,2,0,1,2,25.42,30.305,69,7.0015
2011-06-20 13:00,2,0,1,1,26.24,30.305,65,7.0015
2011-06-20 14:00,2,0,1,1,27.06,31.06,61,7.0015
2011-06-20 15:00,2,0,1,1,27.06,31.06,61,8.9981
2011-06-20 16:00,2,0,1,1,28.7,32.575,58,11.0014
2011-06-20 17:00,2,0,1,1,28.7,32.575,54,0
2011-06-20 18:00,2,0,1,1,28.7,32.575,61,16.9979
2011-06-20 19:00,2,0,1,1,27.06,31.06,65,15.0013
2011-06-20 20:00,2,0,1,1,27.06,31.06,69,15.0013
2011-06-20 21:00,2,0,1,1,26.24,30.305,73,11.0014
2011-06-20 22:00,2,0,1,2,26.24,30.305,73,15.0013
2011-06-20 23:00,2,0,1,1,25.42,29.545,78,16.9979
2011-06-21 0:00,3,0,1,1,25.42,29.545,78,11.0014
2011-06-21 1:00,3,0,1,3,25.42,29.545,78,11.0014
2011-06-21 2:00,3,0,1,3,25.42,28.79,83,11.0014
2011-06-21 3:00,3,0,1,3,25.42,28.79,83,11.0014
2011-06-21 4:00,3,0,1,2,24.6,27.275,88,7.0015
2011-06-21 5:00,3,0,1,2,24.6,27.275,88,8.9981
2011-06-21 6:00,3,0,1,2,24.6,27.275,88,8.9981
2011-06-21 7:00,3,0,1,2,24.6,25.76,94,0
2011-06-21 8:00,3,0,1,2,25.42,28.03,88,7.0015
2011-06-21 9:00,3,0,1,2,25.42,28.03,88,16.9979
2011-06-21 10:00,3,0,1,2,26.24,28.79,83,12.998
2011-06-21 11:00,3,0,1,1,27.06,30.305,83,11.0014
2011-06-21 12:00,3,0,1,1,28.7,33.335,74,11.0014
2011-06-21 13:00,3,0,1,1,30.34,34.85,66,11.0014
2011-06-21 14:00,3,0,1,1,31.16,35.605,62,15.0013
2011-06-21 15:00,3,0,1,1,31.98,37.12,59,16.9979
2011-06-21 16:00,3,0,1,1,32.8,38.635,59,15.0013
2011-06-21 17:00,3,0,1,1,31.98,37.88,66,15.0013
2011-06-21 18:00,3,0,1,2,31.16,36.365,70,16.9979
2011-06-21 19:00,3,0,1,2,30.34,35.605,74,15.0013
2011-06-21 20:00,3,0,1,3,30.34,34.85,70,15.0013
2011-06-21 21:00,3,0,1,1,29.52,34.85,74,12.998
2011-06-21 22:00,3,0,1,1,28.7,33.335,79,7.0015
2011-06-21 23:00,3,0,1,1,28.7,33.335,74,7.0015
2011-06-22 0:00,3,0,1,1,27.06,30.305,78,12.998
2011-06-22 1:00,3,0,1,1,27.06,30.305,78,8.9981
2011-06-22 2:00,3,0,1,1,27.06,30.305,78,0
2011-06-22 3:00,3,0,1,1,27.06,30.305,78,8.9981
2011-06-22 4:00,3,0,1,1,26.24,28.79,83,0
2011-06-22 5:00,3,0,1,1,26.24,28.79,89,0
2011-06-22 6:00,3,0,1,1,27.06,30.305,83,0
2011-06-22 7:00,3,0,1,1,28.7,33.335,79,0
2011-06-22 8:00,3,0,1,1,29.52,34.85,74,7.0015
2011-06-22 9:00,3,0,1,1,29.52,34.85,79,11.0014
2011-06-22 10:00,3,0,1,1,30.34,34.85,70,16.9979
2011-06-22 11:00,3,0,1,1,30.34,34.85,70,11.0014
2011-06-22 12:00,3,0,1,2,32.8,38.635,59,15.0013
2011-06-22 13:00,3,0,1,2,33.62,39.395,56,16.9979
2011-06-22 14:00,3,0,1,2,33.62,38.635,52,19.0012
2011-06-22 15:00,3,0,1,2,33.62,39.395,56,19.0012
2011-06-22 16:00,3,0,1,2,33.62,40.15,59,22.0028
2011-06-22 17:00,3,0,1,2,32.8,37.88,55,26.0027
2011-06-22 18:00,3,0,1,2,32.8,38.635,59,16.9979
2011-06-22 19:00,3,0,1,2,32.8,37.12,52,16.9979
2011-06-22 20:00,3,0,1,1,30.34,35.605,74,8.9981
2011-06-22 21:00,3,0,1,1,30.34,35.605,79,11.0014
2011-06-22 22:00,3,0,1,2,29.52,34.85,79,12.998
2011-06-22 23:00,3,0,1,2,29.52,34.85,79,15.0013
2011-06-23 0:00,3,0,1,1,29.52,34.85,79,15.0013
2011-06-23 1:00,3,0,1,1,29.52,34.85,74,15.0013
2011-06-23 2:00,3,0,1,1,29.52,34.85,74,15.0013
2011-06-23 3:00,3,0,1,2,29.52,34.85,74,11.0014
2011-06-23 4:00,3,0,1,2,28.7,33.335,79,8.9981
2011-06-23 5:00,3,0,1,1,29.52,34.85,74,11.0014
2011-06-23 6:00,3,0,1,1,29.52,34.85,74,11.0014
2011-06-23 7:00,3,0,1,2,29.52,34.85,74,8.9981
2011-06-23 8:00,3,0,1,2,30.34,34.85,70,12.998
2011-06-23 9:00,3,0,1,2,30.34,34.85,70,8.9981
2011-06-23 10:00,3,0,1,2,31.16,36.365,66,8.9981
2011-06-23 11:00,3,0,1,3,31.16,36.365,66,16.9979
2011-06-23 12:00,3,0,1,2,31.16,36.365,66,19.0012
2011-06-23 13:00,3,0,1,2,31.16,35.605,62,19.0012
2011-06-23 14:00,3,0,1,2,31.16,36.365,66,19.9995
2011-06-23 15:00,3,0,1,2,31.16,34.85,52,23.9994
2011-06-23 16:00,3,0,1,2,30.34,34.09,62,19.9995
2011-06-23 17:00,3,0,1,2,29.52,34.09,70,23.9994
2011-06-23 18:00,3,0,1,1,29.52,34.09,70,27.9993
2011-06-23 19:00,3,0,1,1,29.52,34.09,70,23.9994
2011-06-23 20:00,3,0,1,1,28.7,33.335,74,15.0013
2011-06-23 21:00,3,0,1,1,28.7,33.335,74,12.998
2011-06-23 22:00,3,0,1,2,28.7,33.335,74,15.0013
2011-06-23 23:00,3,0,1,1,28.7,33.335,74,19.0012
2011-06-24 0:00,3,0,1,1,27.88,31.82,79,12.998
2011-06-24 1:00,3,0,1,1,27.06,30.305,83,22.0028
2011-06-24 2:00,3,0,1,1,27.06,30.305,83,22.0028
2011-06-24 3:00,3,0,1,1,27.06,30.305,83,11.0014
2011-06-24 4:00,3,0,1,1,27.06,30.305,83,6.0032
2011-06-24 5:00,3,0,1,1,26.24,28.79,89,6.0032
2011-06-24 6:00,3,0,1,1,27.06,30.305,83,8.9981
2011-06-24 7:00,3,0,1,2,27.06,30.305,83,15.0013
2011-06-24 8:00,3,0,1,1,28.7,33.335,74,15.0013
2011-06-24 9:00,3,0,1,1,30.34,34.09,62,8.9981
2011-06-24 10:00,3,0,1,1,32.8,36.365,43,19.0012
2011-06-24 11:00,3,0,1,1,32.8,35.605,38,22.0028
2011-06-24 12:00,3,0,1,1,32.8,35.605,41,19.0012
2011-06-24 13:00,3,0,1,1,32.8,35.605,36,15.0013
2011-06-24 14:00,3,0,1,1,31.98,34.85,43,19.0012
2011-06-24 15:00,3,0,1,1,33.62,36.365,34,26.0027
2011-06-24 16:00,3,0,1,1,32.8,34.85,33,27.9993
2011-06-24 17:00,3,0,1,1,31.16,33.335,37,16.9979
2011-06-24 18:00,3,0,1,1,31.16,33.335,37,19.9995
2011-06-24 19:00,3,0,1,1,30.34,32.575,40,15.0013
2011-06-24 20:00,3,0,1,1,29.52,32.575,45,11.0014
2011-06-24 21:00,3,0,1,1,28.7,32.575,48,8.9981
2011-06-24 22:00,3,0,1,1,28.7,32.575,48,0
2011-06-24 23:00,3,0,1,1,27.88,31.82,51,8.9981
2011-06-25 0:00,3,0,0,1,27.88,31.82,47,11.0014
2011-06-25 1:00,3,0,0,1,27.06,31.06,50,11.0014
2011-06-25 2:00,3,0,0,2,27.06,31.06,50,12.998
2011-06-25 3:00,3,0,0,1,26.24,31.06,57,12.998
2011-06-25 4:00,3,0,0,1,26.24,31.06,57,12.998
2011-06-25 5:00,3,0,0,1,25.42,30.305,61,8.9981
2011-06-25 6:00,3,0,0,1,26.24,31.06,57,15.0013
2011-06-25 7:00,3,0,0,1,26.24,31.06,57,19.0012
2011-06-25 8:00,3,0,0,1,28.7,32.575,48,16.9979
2011-06-25 9:00,3,0,0,1,29.52,32.575,45,16.9979
2011-06-25 10:00,3,0,0,1,29.52,32.575,45,12.998
2011-06-25 11:00,3,0,0,1,30.34,33.335,42,0
2011-06-25 12:00,3,0,0,1,30.34,32.575,40,19.0012
2011-06-25 13:00,3,0,0,1,30.34,32.575,40,19.0012
2011-06-25 14:00,3,0,0,1,30.34,33.335,45,19.9995
2011-06-25 15:00,3,0,0,1,30.34,33.335,45,0
2011-06-25 16:00,3,0,0,1,31.16,34.09,43,19.9995
2011-06-25 17:00,3,0,0,1,30.34,33.335,42,15.0013
2011-06-25 18:00,3,0,0,1,29.52,32.575,45,16.9979
2011-06-25 19:00,3,0,0,1,29.52,33.335,48,19.0012
2011-06-25 20:00,3,0,0,1,28.7,32.575,48,12.998
2011-06-25 21:00,3,0,0,1,27.88,31.82,51,11.0014
2011-06-25 22:00,3,0,0,1,27.88,31.82,47,12.998
2011-06-25 23:00,3,0,0,2,27.06,31.06,50,19.9995
2011-06-26 0:00,3,0,0,1,26.24,31.06,53,0
2011-06-26 1:00,3,0,0,1,26.24,31.06,53,7.0015
2011-06-26 2:00,3,0,0,1,25.42,31.06,57,7.0015
2011-06-26 3:00,3,0,0,1,24.6,30.305,64,7.0015
2011-06-26 4:00,3,0,0,1,24.6,30.305,64,6.0032
2011-06-26 5:00,3,0,0,1,24.6,30.305,64,0
2011-06-26 6:00,3,0,0,1,24.6,30.305,64,0
2011-06-26 7:00,3,0,0,1,25.42,30.305,61,0
2011-06-26 8:00,3,0,0,1,26.24,31.06,61,12.998
2011-06-26 9:00,3,0,0,1,27.06,31.06,54,6.0032
2011-06-26 10:00,3,0,0,1,29.52,33.335,48,7.0015
2011-06-26 11:00,3,0,0,1,29.52,32.575,45,8.9981
2011-06-26 12:00,3,0,0,1,30.34,32.575,40,11.0014
2011-06-26 13:00,3,0,0,1,30.34,32.575,40,0
2011-06-26 14:00,3,0,0,1,30.34,32.575,40,8.9981
2011-06-26 15:00,3,0,0,1,30.34,32.575,40,0
2011-06-26 16:00,3,0,0,1,30.34,33.335,42,12.998
2011-06-26 17:00,3,0,0,2,29.52,32.575,42,11.0014
2011-06-26 18:00,3,0,0,2,29.52,32.575,45,16.9979
2011-06-26 19:00,3,0,0,2,29.52,33.335,48,8.9981
2011-06-26 20:00,3,0,0,2,28.7,32.575,48,7.0015
2011-06-26 21:00,3,0,0,2,28.7,32.575,54,7.0015
2011-06-26 22:00,3,0,0,1,28.7,32.575,51,0
2011-06-26 23:00,3,0,0,1,28.7,32.575,54,6.0032
2011-06-27 0:00,3,0,1,3,26.24,30.305,73,19.0012
2011-06-27 1:00,3,0,1,2,25.42,29.545,78,8.9981
2011-06-27 2:00,3,0,1,3,25.42,29.545,78,8.9981
2011-06-27 3:00,3,0,1,3,25.42,29.545,78,8.9981
2011-06-27 4:00,3,0,1,2,24.6,28.03,83,11.0014
2011-06-27 5:00,3,0,1,2,25.42,28.79,83,11.0014
2011-06-27 6:00,3,0,1,2,25.42,29.545,78,11.0014
2011-06-27 7:00,3,0,1,2,26.24,30.305,73,15.0013
2011-06-27 8:00,3,0,1,1,27.06,31.06,74,12.998
2011-06-27 9:00,3,0,1,2,29.52,33.335,54,0
2011-06-27 10:00,3,0,1,2,29.52,33.335,54,8.9981
2011-06-27 11:00,3,0,1,2,28.7,32.575,58,0
2011-06-27 12:00,3,0,1,2,29.52,33.335,54,0
2011-06-27 13:00,3,0,1,2,29.52,33.335,58,15.0013
2011-06-27 14:00,3,0,1,2,29.52,33.335,58,6.0032
2011-06-27 15:00,3,0,1,2,30.34,34.09,55,0
2011-06-27 16:00,3,0,1,1,30.34,34.09,55,7.0015
2011-06-27 17:00,3,0,1,1,30.34,34.09,55,8.9981
2011-06-27 18:00,3,0,1,1,30.34,33.335,51,0
2011-06-27 19:00,3,0,1,1,29.52,34.09,62,12.998
2011-06-27 20:00,3,0,1,1,28.7,32.575,65,7.0015
2011-06-27 21:00,3,0,1,1,28.7,32.575,65,0
2011-06-27 22:00,3,0,1,1,27.88,31.82,69,0
2011-06-27 23:00,3,0,1,1,27.88,31.82,69,0
2011-06-28 0:00,3,0,1,2,27.06,30.305,78,8.9981
2011-06-28 1:00,3,0,1,1,27.06,31.06,74,0
2011-06-28 2:00,3,0,1,2,27.06,31.06,74,0
2011-06-28 3:00,3,0,1,2,27.06,31.06,74,0
2011-06-28 4:00,3,0,1,1,27.06,31.06,74,0
2011-06-28 5:00,3,0,1,1,27.06,30.305,78,0
2011-06-28 6:00,3,0,1,1,27.06,30.305,83,11.0014
2011-06-28 7:00,3,0,1,1,27.88,31.82,83,12.998
2011-06-28 8:00,3,0,1,1,28.7,33.335,79,11.0014
2011-06-28 9:00,3,0,1,1,30.34,34.85,70,0
2011-06-28 10:00,3,0,1,1,32.8,37.12,49,11.0014
2011-06-28 11:00,3,0,1,1,33.62,37.88,46,0
2011-06-28 12:00,3,0,1,1,34.44,38.635,47,15.0013
2011-06-28 13:00,3,0,1,1,34.44,37.88,44,0
2011-06-28 14:00,3,0,1,1,35.26,39.395,44,15.0013
2011-06-28 15:00,3,0,1,1,35.26,39.395,41,0
2011-06-28 16:00,3,0,1,1,35.26,40.15,47,19.0012
2011-06-28 17:00,3,0,1,3,33.62,39.395,56,19.0012
2011-06-28 18:00,3,0,1,3,32.8,37.88,55,19.9995
2011-06-28 19:00,3,0,1,2,30.34,34.09,58,31.0009
2011-06-28 20:00,3,0,1,1,30.34,34.09,62,0
2011-06-28 21:00,3,0,1,1,30.34,34.85,66,19.0012
2011-06-28 22:00,3,0,1,1,28.7,32.575,70,19.9995
2011-06-28 23:00,3,0,1,1,28.7,32.575,70,19.0012
2011-06-29 0:00,3,0,1,2,27.88,31.82,79,19.0012
2011-06-29 1:00,3,0,1,1,27.88,31.82,79,19.9995
2011-06-29 2:00,3,0,1,1,27.06,30.305,83,15.0013
2011-06-29 3:00,3,0,1,2,27.06,30.305,83,7.0015
2011-06-29 4:00,3,0,1,1,27.06,30.305,83,7.0015
2011-06-29 5:00,3,0,1,1,26.24,28.79,83,12.998
2011-06-29 6:00,3,0,1,1,27.06,31.06,69,19.9995
2011-06-29 7:00,3,0,1,1,28.7,32.575,54,15.0013
2011-06-29 8:00,3,0,1,1,28.7,32.575,48,19.0012
2011-06-29 9:00,3,0,1,1,29.52,32.575,45,26.0027
2011-06-29 10:00,3,0,1,1,30.34,33.335,42,19.0012
2011-06-29 11:00,3,0,1,1,31.16,33.335,35,15.0013
2011-06-29 12:00,3,0,1,1,31.16,33.335,35,16.9979
2011-06-29 13:00,3,0,1,1,32.8,34.85,31,22.0028
2011-06-29 14:00,3,0,1,1,32.8,34.85,31,12.998
2011-06-29 15:00,3,0,1,1,33.62,35.605,30,11.0014
2011-06-29 16:00,3,0,1,1,33.62,35.605,30,27.9993
2011-06-29 17:00,3,0,1,1,33.62,35.605,26,27.9993
2011-06-29 18:00,3,0,1,1,32.8,34.85,29,19.9995
2011-06-29 19:00,3,0,1,1,31.16,33.335,35,26.0027
2011-06-29 20:00,3,0,1,1,30.34,32.575,37,19.9995
2011-06-29 21:00,3,0,1,1,29.52,32.575,39,15.0013
2011-06-29 22:00,3,0,1,1,28.7,31.82,42,12.998
2011-06-29 23:00,3,0,1,1,27.88,31.82,47,12.998
2011-06-30 0:00,3,0,1,1,27.06,31.06,50,11.0014
2011-06-30 1:00,3,0,1,1,26.24,31.06,53,8.9981
2011-06-30 2:00,3,0,1,1,25.42,31.06,57,8.9981
2011-06-30 3:00,3,0,1,1,24.6,30.305,60,11.0014
2011-06-30 4:00,3,0,1,1,23.78,27.275,64,8.9981
2011-06-30 5:00,3,0,1,1,23.78,27.275,64,16.9979
2011-06-30 6:00,3,0,1,1,24.6,30.305,64,16.9979
2011-06-30 7:00,3,0,1,1,25.42,30.305,61,15.0013
2011-06-30 8:00,3,0,1,1,27.88,31.82,47,15.0013
2011-06-30 9:00,3,0,1,1,28.7,31.82,42,15.0013
2011-06-30 10:00,3,0,1,1,29.52,32.575,42,12.998
2011-06-30 11:00,3,0,1,1,30.34,32.575,37,8.9981
2011-06-30 12:00,3,0,1,1,31.16,33.335,35,11.0014
2011-06-30 13:00,3,0,1,1,31.16,33.335,33,12.998
2011-06-30 14:00,3,0,1,1,31.98,34.09,31,12.998
2011-06-30 15:00,3,0,1,1,31.98,33.335,25,16.9979
2011-06-30 16:00,3,0,1,1,32.8,34.85,26,8.9981
2011-06-30 17:00,3,0,1,1,31.98,34.09,27,23.9994
2011-06-30 18:00,3,0,1,1,31.16,33.335,29,16.9979
2011-06-30 19:00,3,0,1,1,30.34,32.575,33,12.998
2011-06-30 20:00,3,0,1,1,30.34,32.575,33,12.998
2011-06-30 21:00,3,0,1,1,29.52,32.575,37,7.0015
2011-06-30 22:00,3,0,1,1,28.7,31.82,42,11.0014
2011-06-30 23:00,3,0,1,1,27.06,31.06,50,0
2011-07-20 0:00,3,0,1,1,28.7,33.335,84,7.0015
2011-07-20 1:00,3,0,1,1,28.7,33.335,84,0
2011-07-20 2:00,3,0,1,1,28.7,33.335,84,0
2011-07-20 3:00,3,0,1,1,28.7,33.335,84,7.0015
2011-07-20 4:00,3,0,1,1,27.88,31.82,83,0
2011-07-20 5:00,3,0,1,1,27.88,31.82,83,7.0015
2011-07-20 6:00,3,0,1,2,27.88,31.82,89,7.0015
2011-07-20 7:00,3,0,1,2,28.7,33.335,84,7.0015
2011-07-20 8:00,3,0,1,1,30.34,35.605,74,0
2011-07-20 9:00,3,0,1,1,30.34,34.85,70,6.0032
2011-07-20 10:00,3,0,1,1,31.16,36.365,70,0
2011-07-20 11:00,3,0,1,1,32.8,39.395,63,6.0032
2011-07-20 12:00,3,0,1,1,33.62,40.15,59,0
2011-07-20 13:00,3,0,1,1,34.44,40.91,56,12.998
2011-07-20 14:00,3,0,1,1,35.26,41.665,53,15.0013
2011-07-20 15:00,3,0,1,1,35.26,40.91,50,11.0014
2011-07-20 16:00,3,0,1,1,34.44,40.91,56,0
2011-07-20 17:00,3,0,1,1,34.44,41.665,59,12.998
2011-07-20 18:00,3,0,1,1,34.44,41.665,59,15.0013
2011-07-20 19:00,3,0,1,1,33.62,42.425,67,11.0014
2011-07-20 20:00,3,0,1,1,32.8,41.665,75,15.0013
2011-07-20 21:00,3,0,1,1,32.8,40.15,66,11.0014
2011-07-20 22:00,3,0,1,1,31.98,38.635,70,15.0013
2011-07-20 23:00,3,0,1,1,31.16,37.12,75,16.9979
2011-07-21 0:00,3,0,1,2,31.16,37.12,75,12.998
2011-07-21 1:00,3,0,1,2,30.34,36.365,84,15.0013
2011-07-21 2:00,3,0,1,2,30.34,36.365,84,15.0013
2011-07-21 3:00,3,0,1,2,30.34,35.605,79,8.9981
2011-07-21 4:00,3,0,1,2,29.52,35.605,84,7.0015
2011-07-21 5:00,3,0,1,2,29.52,35.605,84,7.0015
2011-07-21 6:00,3,0,1,2,29.52,35.605,84,7.0015
2011-07-21 7:00,3,0,1,2,30.34,36.365,84,8.9981
2011-07-21 8:00,3,0,1,2,31.16,37.88,79,11.0014
2011-07-21 9:00,3,0,1,2,32.8,40.91,75,16.9979
2011-07-21 10:00,3,0,1,2,33.62,43.18,71,15.0013
2011-07-21 11:00,3,0,1,2,35.26,44.695,63,19.9995
2011-07-21 12:00,3,0,1,1,36.08,44.695,56,22.0028
2011-07-21 13:00,3,0,1,1,36.08,44.695,56,19.9995
2011-07-21 14:00,3,0,1,1,36.9,44.695,50,23.9994
2011-07-21 15:00,3,0,1,1,36.9,46.21,53,16.9979
2011-07-21 16:00,3,0,1,1,37.72,46.21,48,19.0012
2011-07-21 17:00,3,0,1,1,37.72,45.455,45,19.9995
2011-07-21 18:00,3,0,1,1,36.9,44.695,50,19.0012
2011-07-21 19:00,3,0,1,1,35.26,46.21,67,19.0012
2011-07-21 20:00,3,0,1,1,34.44,44.695,71,15.0013
2011-07-21 21:00,3,0,1,1,33.62,44.695,75,15.0013
2011-07-21 22:00,3,0,1,1,33.62,43.18,71,11.0014
2011-07-21 23:00,3,0,1,1,32.8,40.91,71,11.0014
2011-07-22 0:00,3,0,1,1,33.62,41.665,63,8.9981
2011-07-22 1:00,3,0,1,1,32.8,39.395,63,0
2011-07-22 2:00,3,0,1,1,31.98,40.15,79,8.9981
2011-07-22 3:00,3,0,1,1,31.98,39.395,75,7.0015
2011-07-22 4:00,3,0,1,1,31.16,37.12,75,7.0015
2011-07-22 5:00,3,0,1,1,30.34,35.605,79,7.0015
2011-07-22 6:00,3,0,1,1,31.16,37.12,75,6.0032
2011-07-22 7:00,3,0,1,2,32.8,40.15,66,7.0015
2011-07-22 8:00,3,0,1,2,34.44,42.425,63,11.0014
2011-07-22 9:00,3,0,1,1,35.26,44.695,63,6.0032
2011-07-22 10:00,3,0,1,1,36.9,46.21,53,6.0032
2011-07-22 11:00,3,0,1,1,36.9,44.695,50,7.0015
2011-07-22 12:00,3,0,1,1,38.54,47.725,48,11.0014
2011-07-22 13:00,3,0,1,1,38.54,49.24,51,11.0014
2011-07-22 14:00,3,0,1,1,39.36,50,48,19.9995
2011-07-22 15:00,3,0,1,1,38.54,49.24,51,19.9995
2011-07-22 16:00,3,0,1,3,36.9,41.665,39,19.9995
2011-07-22 17:00,3,0,1,1,36.08,42.425,47,7.0015
2011-07-22 18:00,3,0,1,1,36.9,40.91,37,11.0014
2011-07-22 19:00,3,0,1,2,35.26,39.395,41,7.0015
2011-07-22 20:00,3,0,1,1,34.44,40.91,56,0
2011-07-22 21:00,3,0,1,1,33.62,40.15,59,6.0032
2011-07-22 22:00,3,0,1,2,34.44,39.395,49,6.0032
2011-07-22 23:00,3,0,1,1,32.8,39.395,63,12.998
2011-07-23 0:00,3,0,0,1,33.62,39.395,56,0
2011-07-23 1:00,3,0,0,1,33.62,38.635,52,7.0015
2011-07-23 2:00,3,0,0,1,33.62,38.635,52,0
2011-07-23 3:00,3,0,0,1,31.98,37.88,66,6.0032
2011-07-23 4:00,3,0,0,1,31.16,36.365,66,7.0015
2011-07-23 5:00,3,0,0,1,31.16,35.605,62,8.9981
2011-07-23 6:00,3,0,0,1,32.8,37.12,52,8.9981
2011-07-23 7:00,3,0,0,1,32.8,37.12,52,7.0015
2011-07-23 8:00,3,0,0,1,34.44,39.395,49,16.9979
2011-07-23 9:00,3,0,0,1,34.44,39.395,49,11.0014
2011-07-23 10:00,3,0,0,1,35.26,39.395,41,15.0013
2011-07-23 11:00,3,0,0,1,36.9,40.91,37,12.998
2011-07-23 12:00,3,0,0,1,37.72,43.18,37,7.0015
2011-07-23 13:00,3,0,0,1,38.54,43.94,38,11.0014
2011-07-23 14:00,3,0,0,1,37.72,44.695,42,0
2011-07-23 15:00,3,0,0,1,38.54,43.94,38,0
2011-07-23 16:00,3,0,0,1,38.54,43.94,38,8.9981
2011-07-23 17:00,3,0,0,1,38.54,43.94,38,8.9981
2011-07-23 18:00,3,0,0,1,37.72,43.94,40,15.0013
2011-07-23 19:00,3,0,0,2,33.62,40.15,59,8.9981
2011-07-23 20:00,3,0,0,1,33.62,40.15,59,15.0013
2011-07-23 21:00,3,0,0,1,33.62,40.15,59,15.0013
2011-07-23 22:00,3,0,0,1,32.8,38.635,59,12.998
2011-07-23 23:00,3,0,0,1,32.8,38.635,59,7.0015
2011-07-24 0:00,3,0,0,1,32.8,38.635,59,7.0015
2011-07-24 1:00,3,0,0,1,31.98,37.88,66,7.0015
2011-07-24 2:00,3,0,0,1,32.8,39.395,63,6.0032
2011-07-24 3:00,3,0,0,1,32.8,39.395,63,6.0032
2011-07-24 4:00,3,0,0,1,31.98,37.88,66,7.0015
2011-07-24 5:00,3,0,0,1,31.98,37.88,66,6.0032
2011-07-24 6:00,3,0,0,2,32.8,39.395,63,6.0032
2011-07-24 7:00,3,0,0,1,32.8,38.635,59,8.9981
2011-07-24 8:00,3,0,0,1,33.62,39.395,56,19.0012
2011-07-24 9:00,3,0,0,1,33.62,39.395,56,26.0027
2011-07-24 10:00,3,0,0,1,35.26,40.91,50,22.0028
2011-07-24 11:00,3,0,0,1,34.44,40.15,53,16.9979
2011-07-24 12:00,3,0,0,1,36.9,43.18,45,11.0014
2011-07-24 13:00,3,0,0,1,35.26,40.15,47,15.0013
2011-07-24 14:00,3,0,0,1,35.26,40.91,50,19.0012
2011-07-24 15:00,3,0,0,1,36.9,42.425,42,16.9979
2011-07-24 16:00,3,0,0,1,36.9,42.425,42,16.9979
2011-07-24 17:00,3,0,0,1,36.9,41.665,39,7.0015
2011-07-24 18:00,3,0,0,1,36.08,40.91,42,11.0014
2011-07-24 19:00,3,0,0,1,35.26,40.15,47,11.0014
2011-07-24 20:00,3,0,0,1,34.44,39.395,49,11.0014
2011-07-24 21:00,3,0,0,1,32.8,39.395,63,8.9981
2011-07-24 22:00,3,0,0,1,31.98,37.88,66,0
2011-07-24 23:00,3,0,0,2,31.16,36.365,70,6.0032
2011-07-25 0:00,3,0,1,2,31.16,36.365,70,0
2011-07-25 1:00,3,0,1,2,31.16,37.12,75,6.0032
2011-07-25 2:00,3,0,1,2,30.34,35.605,79,6.0032
2011-07-25 3:00,3,0,1,1,30.34,35.605,79,0
2011-07-25 4:00,3,0,1,1,29.52,35.605,84,6.0032
2011-07-25 5:00,3,0,1,1,29.52,35.605,84,6.0032
2011-07-25 6:00,3,0,1,2,29.52,35.605,84,6.0032
2011-07-25 7:00,3,0,1,2,30.34,35.605,79,0
2011-07-25 8:00,3,0,1,2,31.16,37.12,75,0
2011-07-25 9:00,3,0,1,1,32.8,40.15,66,0
2011-07-25 10:00,3,0,1,1,33.62,40.15,59,0
2011-07-25 11:00,3,0,1,2,34.44,41.665,59,12.998
2011-07-25 12:00,3,0,1,2,34.44,41.665,59,12.998
2011-07-25 13:00,3,0,1,2,30.34,35.605,74,8.9981
2011-07-25 14:00,3,0,1,2,29.52,34.85,79,12.998
2011-07-25 15:00,3,0,1,1,28.7,33.335,84,26.0027
2011-07-25 16:00,3,0,1,1,28.7,33.335,84,15.0013
2011-07-25 17:00,3,0,1,1,29.52,34.85,74,0
2011-07-25 18:00,3,0,1,1,30.34,35.605,74,6.0032
2011-07-25 19:00,3,0,1,1,30.34,34.85,70,6.0032
2011-07-25 20:00,3,0,1,1,29.52,34.85,74,8.9981
2011-07-25 21:00,3,0,1,1,28.7,33.335,84,0
2011-07-25 22:00,3,0,1,1,28.7,33.335,84,0
2011-07-25 23:00,3,0,1,1,28.7,33.335,84,6.0032
2011-07-26 0:00,3,0,1,1,28.7,33.335,79,7.0015
2011-07-26 1:00,3,0,1,1,28.7,33.335,79,7.0015
2011-07-26 2:00,3,0,1,1,27.88,31.82,89,7.0015
2011-07-26 3:00,3,0,1,1,27.88,31.82,89,8.9981
2011-07-26 4:00,3,0,1,1,27.88,31.82,88,11.0014
2011-07-26 5:00,3,0,1,1,27.06,29.545,89,6.0032
2011-07-26 6:00,3,0,1,1,27.88,31.82,83,15.0013
2011-07-26 7:00,3,0,1,1,29.52,34.09,66,19.0012
2011-07-26 8:00,3,0,1,1,30.34,34.09,55,12.998
2011-07-26 9:00,3,0,1,1,31.16,34.09,40,15.0013
2011-07-26 10:00,3,0,1,1,32.8,34.85,31,15.0013
2011-07-26 11:00,3,0,1,1,33.62,35.605,30,0
2011-07-26 12:00,3,0,1,1,34.44,36.365,28,0
2011-07-26 13:00,3,0,1,1,34.44,36.365,32,19.9995
2011-07-26 14:00,3,0,1,1,35.26,37.12,30,19.0012
2011-07-26 15:00,3,0,1,1,36.08,37.88,28,22.0028
2011-07-26 16:00,3,0,1,1,35.26,37.88,36,19.0012
2011-07-26 17:00,3,0,1,1,35.26,37.88,36,23.9994
2011-07-26 18:00,3,0,1,1,34.44,37.12,39,26.0027
2011-07-26 19:00,3,0,1,1,33.62,37.12,43,19.9995
2011-07-26 20:00,3,0,1,1,32.8,36.365,46,16.9979
2011-07-26 21:00,3,0,1,1,31.98,35.605,49,15.0013
2011-07-26 22:00,3,0,1,1,31.16,34.85,55,8.9981
2011-07-26 23:00,3,0,1,1,31.16,35.605,58,7.0015
2011-07-27 0:00,3,0,1,2,31.98,35.605,52,11.0014
2011-07-27 1:00,3,0,1,1,31.98,35.605,49,12.998
2011-07-27 2:00,3,0,1,1,31.16,34.85,52,19.9995
2011-07-27 3:00,3,0,1,1,29.52,33.335,58,11.0014
2011-07-27 4:00,3,0,1,1,29.52,33.335,51,12.998
2011-07-27 5:00,3,0,1,1,28.7,32.575,54,19.0012
2011-07-27 6:00,3,0,1,1,28.7,32.575,54,15.0013
2011-07-27 7:00,3,0,1,1,29.52,33.335,48,16.9979
2011-07-27 8:00,3,0,1,1,30.34,33.335,42,16.9979
2011-07-27 9:00,3,0,1,1,31.16,33.335,35,16.9979
2011-07-27 10:00,3,0,1,1,31.98,34.09,33,0
2011-07-27 11:00,3,0,1,1,32.8,34.85,31,0
2011-07-27 12:00,3,0,1,1,33.62,35.605,30,19.0012
2011-07-27 13:00,3,0,1,1,34.44,36.365,30,23.9994
2011-07-27 14:00,3,0,1,1,34.44,36.365,28,15.0013
2011-07-27 15:00,3,0,1,1,35.26,37.12,26,16.9979
2011-07-27 16:00,3,0,1,1,35.26,36.365,25,11.0014
2011-07-27 17:00,3,0,1,1,34.44,35.605,26,15.0013
2011-07-27 18:00,3,0,1,1,33.62,35.605,28,7.0015
2011-07-27 19:00,3,0,1,1,32.8,34.85,29,6.0032
2011-07-27 20:00,3,0,1,1,31.16,34.09,45,15.0013
2011-07-27 21:00,3,0,1,1,30.34,33.335,48,7.0015
2011-07-27 22:00,3,0,1,1,29.52,33.335,48,0
2011-07-27 23:00,3,0,1,1,30.34,33.335,45,6.0032
2011-07-28 0:00,3,0,1,1,28.7,32.575,51,8.9981
2011-07-28 1:00,3,0,1,1,29.52,33.335,51,0
2011-07-28 2:00,3,0,1,1,29.52,33.335,54,7.0015
2011-07-28 3:00,3,0,1,1,29.52,33.335,54,0
2011-07-28 4:00,3,0,1,1,28.7,32.575,61,7.0015
2011-07-28 5:00,3,0,1,1,28.7,32.575,65,7.0015
2011-07-28 6:00,3,0,1,1,28.7,32.575,70,6.0032
2011-07-28 7:00,3,0,1,1,29.52,34.09,70,11.0014
2011-07-28 8:00,3,0,1,1,30.34,34.85,66,11.0014
2011-07-28 9:00,3,0,1,1,31.98,37.12,59,12.998
2011-07-28 10:00,3,0,1,1,32.8,37.88,55,19.0012
2011-07-28 11:00,3,0,1,1,34.44,40.91,56,19.0012
2011-07-28 12:00,3,0,1,1,34.44,40.15,53,16.9979
2011-07-28 13:00,3,0,1,1,35.26,40.15,47,16.9979
2011-07-28 14:00,3,0,1,2,34.44,39.395,49,16.9979
2011-07-28 15:00,3,0,1,1,35.26,40.91,50,12.998
2011-07-28 16:00,3,0,1,1,35.26,40.15,47,11.0014
2011-07-28 17:00,3,0,1,1,34.44,40.15,53,12.998
2011-07-28 18:00,3,0,1,1,34.44,40.91,56,15.0013
2011-07-28 19:00,3,0,1,1,33.62,40.15,59,12.998
2011-07-28 20:00,3,0,1,1,32.8,39.395,63,12.998
2011-07-28 21:00,3,0,1,1,31.98,37.88,66,19.0012
2011-07-28 22:00,3,0,1,1,31.16,36.365,70,16.9979
2011-07-28 23:00,3,0,1,1,31.16,37.12,75,12.998
2011-07-29 0:00,3,0,1,1,30.34,35.605,79,11.0014
2011-07-29 1:00,3,0,1,1,30.34,35.605,79,8.9981
2011-07-29 2:00,3,0,1,1,30.34,35.605,79,0
2011-07-29 3:00,3,0,1,1,30.34,35.605,79,0
2011-07-29 4:00,3,0,1,1,29.52,35.605,84,8.9981
2011-07-29 5:00,3,0,1,1,29.52,35.605,84,0
2011-07-29 6:00,3,0,1,2,29.52,35.605,84,0
2011-07-29 7:00,3,0,1,2,30.34,35.605,79,6.0032
2011-07-29 8:00,3,0,1,2,31.16,38.635,77,0
2011-07-29 9:00,3,0,1,1,35.26,40.15,47,16.9979
2011-07-29 10:00,3,0,1,1,36.9,42.425,42,19.0012
2011-07-29 11:00,3,0,1,1,37.72,43.94,40,19.9995
2011-07-29 12:00,3,0,1,1,39.36,43.18,31,19.0012
2011-07-29 13:00,3,0,1,1,38.54,41.665,31,0
2011-07-29 14:00,3,0,1,1,39.36,43.18,30,15.0013
2011-07-29 15:00,3,0,1,1,39.36,43.18,30,16.9979
2011-07-29 16:00,3,0,1,1,39.36,43.18,30,26.0027
2011-07-29 17:00,3,0,1,1,39.36,43.18,30,19.9995
2011-07-29 18:00,3,0,1,1,37.72,43.18,37,22.0028
2011-07-29 19:00,3,0,1,1,36.9,42.425,42,15.0013
2011-07-29 20:00,3,0,1,1,35.26,39.395,41,22.0028
2011-07-29 21:00,3,0,1,1,33.62,37.88,46,11.0014
2011-07-29 22:00,3,0,1,1,32.8,37.12,49,15.0013
2011-07-29 23:00,3,0,1,1,31.98,35.605,52,7.0015
2011-07-30 0:00,3,0,0,1,31.16,34.85,55,12.998
2011-07-30 1:00,3,0,0,1,31.16,34.85,55,6.0032
2011-07-30 2:00,3,0,0,1,31.16,34.85,55,7.0015
2011-07-30 3:00,3,0,0,1,30.34,34.09,62,11.0014
2011-07-30 4:00,3,0,0,1,29.52,34.09,66,11.0014
2011-07-30 5:00,3,0,0,1,29.52,34.09,70,19.0012
2011-07-30 6:00,3,0,0,1,29.52,34.09,70,19.9995
2011-07-30 7:00,3,0,0,1,31.16,36.365,66,12.998
2011-07-30 8:00,3,0,0,1,31.98,37.12,59,15.0013
2011-07-30 9:00,3,0,0,1,33.62,37.88,46,19.9995
2011-07-30 10:00,3,0,0,1,33.62,37.12,41,19.9995
2011-07-30 11:00,3,0,0,1,34.44,37.12,36,12.998
2011-07-30 12:00,3,0,0,1,34.44,36.365,32,11.0014
2011-07-30 13:00,3,0,0,1,36.08,37.88,29,0
2011-07-30 14:00,3,0,0,1,36.9,39.395,29,0
2011-07-30 15:00,3,0,0,1,36.9,40.15,31,8.9981
2011-07-30 16:00,3,0,0,1,36.9,39.395,27,15.0013
2011-07-30 17:00,3,0,0,1,36.9,39.395,29,7.0015
2011-07-30 18:00,3,0,0,1,36.08,37.88,28,12.998
2011-07-30 19:00,3,0,0,1,30.34,32.575,33,15.0013
2011-07-30 20:00,3,0,0,1,33.62,37.12,43,8.9981
2011-07-30 21:00,3,0,0,1,32.8,37.12,49,11.0014
2011-07-30 22:00,3,0,0,1,31.98,35.605,52,7.0015
2011-07-30 23:00,3,0,0,1,31.16,34.85,55,6.0032
2011-07-31 0:00,3,0,0,1,31.16,34.85,55,6.0032
2011-07-31 1:00,3,0,0,1,30.34,34.09,62,6.0032
2011-07-31 2:00,3,0,0,1,30.34,34.85,66,6.0032
2011-07-31 3:00,3,0,0,1,30.34,34.85,66,0
2011-07-31 4:00,3,0,0,1,29.52,34.09,70,0
2011-07-31 5:00,3,0,0,1,29.52,34.09,69,0
2011-07-31 6:00,3,0,0,1,30.34,34.85,70,0
2011-07-31 7:00,3,0,0,1,30.34,34.09,58,8.9981
2011-07-31 8:00,3,0,0,1,31.16,34.85,55,15.0013
2011-07-31 9:00,3,0,0,1,32.8,37.12,49,0
2011-07-31 10:00,3,0,0,1,34.44,37.12,36,11.0014
2011-07-31 11:00,3,0,0,1,35.26,37.12,28,11.0014
2011-07-31 12:00,3,0,0,1,36.9,38.635,25,12.998
2011-07-31 13:00,3,0,0,1,36.9,38.635,24,8.9981
2011-07-31 14:00,3,0,0,1,36.9,38.635,24,11.0014
2011-07-31 15:00,3,0,0,1,37.72,38.635,18,19.9995
2011-07-31 16:00,3,0,0,1,37.72,38.635,17,19.0012
2011-07-31 17:00,3,0,0,1,37.72,38.635,16,11.0014
2011-07-31 18:00,3,0,0,1,35.26,39.395,41,19.0012
2011-07-31 19:00,3,0,0,1,32.8,37.88,55,22.0028
2011-07-31 20:00,3,0,0,1,32.8,37.88,55,22.0028
2011-07-31 21:00,3,0,0,1,31.98,37.12,59,19.9995
2011-07-31 22:00,3,0,0,1,30.34,34.85,70,19.9995
2011-07-31 23:00,3,0,0,1,30.34,34.85,66,15.0013
2011-08-20 0:00,3,0,0,1,24.6,27.275,88,0
2011-08-20 1:00,3,0,0,1,25.42,28.79,83,0
2011-08-20 2:00,3,0,0,1,25.42,29.545,78,0
2011-08-20 3:00,3,0,0,1,25.42,29.545,78,0
2011-08-20 4:00,3,0,0,2,24.6,27.275,88,0
2011-08-20 5:00,3,0,0,1,24.6,28.03,83,0
2011-08-20 6:00,3,0,0,2,24.6,28.03,83,8.9981
2011-08-20 7:00,3,0,0,1,25.42,28.79,83,0
2011-08-20 8:00,3,0,0,1,27.06,31.06,69,0
2011-08-20 9:00,3,0,0,1,28.7,32.575,65,0
2011-08-20 10:00,3,0,0,1,29.52,34.09,62,7.0015
2011-08-20 11:00,3,0,0,1,29.52,33.335,58,0
2011-08-20 12:00,3,0,0,1,30.34,34.09,58,8.9981
2011-08-20 13:00,3,0,0,1,31.16,34.85,55,8.9981
2011-08-20 14:00,3,0,0,1,32.8,37.12,49,12.998
2011-08-20 15:00,3,0,0,1,32.8,36.365,43,12.998
2011-08-20 16:00,3,0,0,1,32.8,36.365,46,12.998
2011-08-20 17:00,3,0,0,1,32.8,37.12,49,12.998
2011-08-20 18:00,3,0,0,1,31.16,35.605,58,16.9979
2011-08-20 19:00,3,0,0,1,30.34,34.09,62,12.998
2011-08-20 20:00,3,0,0,1,30.34,34.09,62,15.0013
2011-08-20 21:00,3,0,0,1,29.52,34.09,70,15.0013
2011-08-20 22:00,3,0,0,2,28.7,33.335,74,12.998
2011-08-20 23:00,3,0,0,1,28.7,33.335,74,8.9981
2011-08-21 0:00,3,0,0,1,28.7,33.335,74,12.998
2011-08-21 1:00,3,0,0,1,27.88,31.82,79,15.0013
2011-08-21 2:00,3,0,0,1,27.88,31.82,79,12.998
2011-08-21 3:00,3,0,0,1,27.06,30.305,83,15.0013
2011-08-21 4:00,3,0,0,1,27.88,31.82,83,15.0013
2011-08-21 5:00,3,0,0,1,27.06,29.545,89,19.9995
2011-08-21 6:00,3,0,0,1,27.06,29.545,89,19.0012
2011-08-21 7:00,3,0,0,1,27.88,31.82,83,19.9995
2011-08-21 8:00,3,0,0,1,28.7,33.335,79,15.0013
2011-08-21 9:00,3,0,0,1,29.52,34.85,74,15.0013
2011-08-21 10:00,3,0,0,1,30.34,35.605,74,16.9979
2011-08-21 11:00,3,0,0,1,32.8,39.395,63,19.0012
2011-08-21 12:00,3,0,0,1,33.62,40.15,59,19.0012
2011-08-21 13:00,3,0,0,1,32.8,38.635,59,27.9993
2011-08-21 14:00,3,0,0,3,28.7,33.335,79,26.0027
2011-08-21 15:00,3,0,0,1,28.7,33.335,84,19.0012
2011-08-21 16:00,3,0,0,1,29.52,34.85,79,11.0014
2011-08-21 17:00,3,0,0,1,29.52,34.85,79,8.9981
2011-08-21 18:00,3,0,0,1,29.52,34.85,79,16.9979
2011-08-21 19:00,3,0,0,1,29.52,34.09,70,16.9979
2011-08-21 20:00,3,0,0,1,28.7,33.335,79,16.9979
2011-08-21 21:00,3,0,0,1,28.7,33.335,79,16.9979
2011-08-21 22:00,3,0,0,2,28.7,33.335,79,12.998
2011-08-21 23:00,3,0,0,1,28.7,33.335,74,11.0014
2011-08-22 0:00,3,0,1,1,27.88,31.82,79,11.0014
2011-08-22 1:00,3,0,1,1,27.88,31.82,79,6.0032
2011-08-22 2:00,3,0,1,2,28.7,32.575,65,7.0015
2011-08-22 3:00,3,0,1,3,28.7,32.575,65,8.9981
2011-08-22 4:00,3,0,1,1,27.88,31.82,65,12.998
2011-08-22 5:00,3,0,1,1,27.06,31.06,65,23.9994
2011-08-22 6:00,3,0,1,1,27.06,31.06,61,19.9995
2011-08-22 7:00,3,0,1,1,27.06,31.06,61,22.0028
2011-08-22 8:00,3,0,1,1,27.06,31.06,61,22.0028
2011-08-22 9:00,3,0,1,1,27.88,31.82,54,16.9979
2011-08-22 10:00,3,0,1,1,28.7,32.575,48,19.0012
2011-08-22 11:00,3,0,1,1,29.52,32.575,34,22.0028
2011-08-22 12:00,3,0,1,1,30.34,32.575,35,26.0027
2011-08-22 13:00,3,0,1,1,30.34,32.575,30,31.0009
2011-08-22 14:00,3,0,1,1,30.34,32.575,30,26.0027
2011-08-22 15:00,3,0,1,1,30.34,32.575,30,19.9995
2011-08-22 16:00,3,0,1,1,30.34,32.575,30,26.0027
2011-08-22 17:00,3,0,1,1,30.34,32.575,27,22.0028
2011-08-22 18:00,3,0,1,1,29.52,32.575,28,19.9995
2011-08-22 19:00,3,0,1,1,28.7,31.82,30,19.0012
2011-08-22 20:00,3,0,1,1,27.06,31.06,34,12.998
2011-08-22 21:00,3,0,1,1,26.24,31.06,38,12.998
2011-08-22 22:00,3,0,1,1,26.24,31.06,38,19.9995
2011-08-22 23:00,3,0,1,1,25.42,31.06,41,16.9979
2011-08-23 0:00,3,0,1,1,24.6,31.06,43,12.998
2011-08-23 1:00,3,0,1,1,23.78,27.275,49,12.998
2011-08-23 2:00,3,0,1,1,22.96,26.515,52,12.998
2011-08-23 3:00,3,0,1,1,22.96,26.515,52,19.0012
2011-08-23 4:00,3,0,1,1,22.14,25.76,56,11.0014
2011-08-23 5:00,3,0,1,1,22.14,25.76,56,12.998
2011-08-23 6:00,3,0,1,1,22.14,25.76,60,12.998
2011-08-23 7:00,3,0,1,1,24.6,31.06,49,12.998
2011-08-23 8:00,3,0,1,2,25.42,31.06,50,0
2011-08-23 9:00,3,0,1,2,27.06,31.06,44,0
2011-08-23 10:00,3,0,1,1,28.7,31.82,37,0
2011-08-23 11:00,3,0,1,1,28.7,31.82,34,7.0015
2011-08-23 12:00,3,0,1,1,28.7,31.82,39,6.0032
2011-08-23 13:00,3,0,1,1,29.52,32.575,30,7.0015
2011-08-23 14:00,3,0,1,1,29.52,32.575,30,6.0032
2011-08-23 15:00,3,0,1,1,29.52,32.575,34,15.0013
2011-08-23 16:00,3,0,1,1,29.52,32.575,32,8.9981
2011-08-23 17:00,3,0,1,1,29.52,32.575,34,15.0013
2011-08-23 18:00,3,0,1,1,29.52,32.575,34,12.998
2011-08-23 19:00,3,0,1,1,27.06,31.06,50,15.0013
2011-08-23 20:00,3,0,1,1,26.24,31.06,53,16.9979
2011-08-23 21:00,3,0,1,1,25.42,31.06,57,0
2011-08-23 22:00,3,0,1,1,25.42,31.06,57,8.9981
2011-08-23 23:00,3,0,1,1,25.42,30.305,61,8.9981
2011-08-24 0:00,3,0,1,1,25.42,31.06,57,8.9981
2011-08-24 1:00,3,0,1,1,24.6,30.305,60,7.0015
2011-08-24 2:00,3,0,1,1,23.78,27.275,68,8.9981
2011-08-24 3:00,3,0,1,1,23.78,27.275,68,8.9981
2011-08-24 4:00,3,0,1,1,22.96,26.515,73,7.0015
2011-08-24 5:00,3,0,1,1,22.96,26.515,73,7.0015
2011-08-24 6:00,3,0,1,1,22.96,26.515,73,0
2011-08-24 7:00,3,0,1,1,24.6,30.305,64,6.0032
2011-08-24 8:00,3,0,1,1,25.42,30.305,69,8.9981
2011-08-24 9:00,3,0,1,1,26.24,30.305,69,16.9979
2011-08-24 10:00,3,0,1,1,28.7,32.575,58,19.0012
2011-08-24 11:00,3,0,1,1,29.52,33.335,54,19.9995
2011-08-24 12:00,3,0,1,1,30.34,34.09,55,22.0028
2011-08-24 13:00,3,0,1,1,31.16,34.09,48,27.9993
2011-08-24 14:00,3,0,1,1,31.16,34.09,48,27.9993
2011-08-24 15:00,3,0,1,1,31.16,34.09,48,30.0026
2011-08-24 16:00,3,0,1,1,31.16,34.85,52,27.9993
2011-08-24 17:00,3,0,1,1,31.16,34.85,52,23.9994
2011-08-24 18:00,3,0,1,1,30.34,34.09,55,19.9995
2011-08-24 19:00,3,0,1,1,30.34,34.09,55,19.9995
2011-08-24 20:00,3,0,1,1,29.52,33.335,58,19.9995
2011-08-24 21:00,3,0,1,1,28.7,32.575,61,23.9994
2011-08-24 22:00,3,0,1,1,28.7,32.575,65,23.9994
2011-08-24 23:00,3,0,1,1,27.88,31.82,69,19.9995
2011-08-25 0:00,3,0,1,1,27.88,31.82,74,19.9995
2011-08-25 1:00,3,0,1,1,27.88,31.82,69,26.0027
2011-08-25 2:00,3,0,1,1,27.88,31.82,69,26.0027
2011-08-25 3:00,3,0,1,1,27.06,31.06,74,22.0028
2011-08-25 4:00,3,0,1,1,27.06,30.305,78,26.0027
2011-08-25 5:00,3,0,1,1,27.06,30.305,83,27.9993
2011-08-25 6:00,3,0,1,1,27.06,30.305,83,22.0028
2011-08-25 7:00,3,0,1,2,27.88,31.82,79,22.0028
2011-08-25 8:00,3,0,1,2,28.7,33.335,74,19.9995
2011-08-25 9:00,3,0,1,2,29.52,34.09,70,19.9995
2011-08-25 10:00,3,0,1,2,30.34,34.85,66,19.9995
2011-08-25 11:00,3,0,1,3,28.7,33.335,79,0
2011-08-25 12:00,3,0,1,3,28.7,33.335,79,0
2011-08-25 13:00,3,0,1,1,28.7,33.335,79,7.0015
2011-08-25 14:00,3,0,1,2,29.52,34.85,74,0
2011-08-25 15:00,3,0,1,2,30.34,34.85,70,0
2011-08-25 16:00,3,0,1,1,29.52,35.605,84,0
2011-08-25 17:00,3,0,1,1,29.52,35.605,84,0
2011-08-25 18:00,3,0,1,2,29.52,35.605,84,8.9981
2011-08-25 19:00,3,0,1,2,27.06,30.305,78,22.0028
2011-08-25 20:00,3,0,1,1,26.24,29.545,78,23.9994
2011-08-25 21:00,3,0,1,1,26.24,29.545,78,19.0012
2011-08-25 22:00,3,0,1,1,25.42,28.79,83,0
2011-08-25 23:00,3,0,1,1,25.42,28.79,83,6.0032
2011-08-26 0:00,3,0,1,1,25.42,28.79,83,8.9981
2011-08-26 1:00,3,0,1,1,25.42,28.79,83,0
2011-08-26 2:00,3,0,1,1,25.42,28.03,88,8.9981
2011-08-26 3:00,3,0,1,1,24.6,27.275,88,7.0015
2011-08-26 4:00,3,0,1,1,25.42,28.03,88,0
2011-08-26 5:00,3,0,1,2,25.42,28.03,88,0
2011-08-26 6:00,3,0,1,1,25.42,28.03,88,0
2011-08-26 7:00,3,0,1,1,26.24,28.79,83,0
2011-08-26 8:00,3,0,1,1,27.06,30.305,83,7.0015
2011-08-26 9:00,3,0,1,1,28.7,33.335,74,0
2011-08-26 10:00,3,0,1,1,30.34,34.85,66,6.0032
2011-08-26 11:00,3,0,1,2,31.16,35.605,62,0
2011-08-26 12:00,3,0,1,2,31.16,36.365,66,7.0015
2011-08-26 13:00,3,0,1,2,31.98,37.12,59,7.0015
2011-08-26 14:00,3,0,1,1,32.8,38.635,59,0
2011-08-26 15:00,3,0,1,2,32.8,38.635,59,12.998
2011-08-26 16:00,3,0,1,1,31.98,37.12,62,7.0015
2011-08-26 17:00,3,0,1,1,30.34,35.605,74,16.9979
2011-08-26 18:00,3,0,1,2,30.34,35.605,74,8.9981
2011-08-26 19:00,3,0,1,1,29.52,34.85,79,7.0015
2011-08-26 20:00,3,0,1,1,29.52,34.85,79,6.0032
2011-08-26 21:00,3,0,1,1,29.52,34.85,79,11.0014
2011-08-26 22:00,3,0,1,1,29.52,34.85,79,7.0015
2011-08-26 23:00,3,0,1,1,28.7,33.335,84,6.0032
2011-08-27 0:00,3,0,0,1,28.7,33.335,84,7.0015
2011-08-27 1:00,3,0,0,1,28.7,33.335,84,11.0014
2011-08-27 2:00,3,0,0,1,28.7,33.335,84,12.998
2011-08-27 3:00,3,0,0,2,28.7,33.335,84,15.0013
2011-08-27 4:00,3,0,0,2,28.7,33.335,84,15.0013
2011-08-27 5:00,3,0,0,2,28.7,33.335,84,19.9995
2011-08-27 6:00,3,0,0,2,28.7,33.335,84,19.9995
2011-08-27 7:00,3,0,0,2,28.7,33.335,84,23.9994
2011-08-27 8:00,3,0,0,2,28.7,33.335,84,16.9979
2011-08-27 9:00,3,0,0,2,28.7,33.335,84,27.9993
2011-08-27 10:00,3,0,0,2,28.7,33.335,79,31.0009
2011-08-27 11:00,3,0,0,3,27.06,29.545,89,27.9993
2011-08-27 12:00,3,0,0,3,27.06,30.305,83,32.9975
2011-08-27 13:00,3,0,0,3,27.06,30.305,83,26.0027
2011-08-27 14:00,3,0,0,3,26.24,28.79,89,36.9974
2011-08-27 15:00,3,0,0,3,26.24,28.79,89,36.9974
2011-08-27 16:00,3,0,0,3,26.24,28.79,89,35.0008
2011-08-27 17:00,3,0,0,3,26.24,28.79,89,55.9986
2011-08-28 7:00,3,0,0,3,25.42,28.79,83,23.9994
2011-08-28 8:00,3,0,0,3,25.42,28.79,83,27.9993
2011-08-28 9:00,3,0,0,1,27.06,31.06,74,27.9993
2011-08-28 10:00,3,0,0,1,28.7,32.575,61,40.9973
2011-08-28 11:00,3,0,0,1,28.7,32.575,58,26.0027
2011-08-28 12:00,3,0,0,1,30.34,33.335,51,26.0027
2011-08-28 13:00,3,0,0,1,31.16,34.09,45,23.9994
2011-08-28 14:00,3,0,0,1,31.98,34.85,43,27.9993
2011-08-28 15:00,3,0,0,1,31.98,34.85,43,23.9994
2011-08-28 16:00,3,0,0,1,32.8,35.605,36,26.0027
2011-08-28 17:00,3,0,0,1,31.16,34.09,40,19.9995
2011-08-28 18:00,3,0,0,1,30.34,33.335,42,15.0013
2011-08-28 19:00,3,0,0,1,29.52,33.335,48,7.0015
2011-08-28 20:00,3,0,0,1,29.52,32.575,45,7.0015
2011-08-28 21:00,3,0,0,1,27.06,31.06,61,8.9981
2011-08-28 22:00,3,0,0,1,26.24,30.305,69,7.0015
2011-08-28 23:00,3,0,0,1,25.42,29.545,73,7.0015
2011-08-29 0:00,3,0,1,1,25.42,29.545,73,7.0015
2011-08-29 1:00,3,0,1,1,24.6,29.545,69,7.0015
2011-08-29 2:00,3,0,1,1,24.6,29.545,69,12.998
2011-08-29 3:00,3,0,1,1,24.6,29.545,69,7.0015
2011-08-29 4:00,3,0,1,1,22.96,26.515,68,8.9981
2011-08-29 5:00,3,0,1,1,22.96,26.515,73,8.9981
2011-08-29 6:00,3,0,1,1,22.96,26.515,73,8.9981
2011-08-29 7:00,3,0,1,1,24.6,30.305,60,15.0013
2011-08-29 8:00,3,0,1,1,25.42,31.06,57,16.9979
2011-08-29 9:00,3,0,1,1,25.42,31.06,53,16.9979
2011-08-29 10:00,3,0,1,1,27.06,31.06,47,15.0013
2011-08-29 11:00,3,0,1,1,27.06,31.06,47,11.0014
2011-08-29 12:00,3,0,1,2,27.88,31.82,44,11.0014
2011-08-29 13:00,3,0,1,2,28.7,31.82,39,0
2011-08-29 14:00,3,0,1,1,28.7,31.82,42,0
2011-08-29 15:00,3,0,1,1,28.7,31.82,42,11.0014
2011-08-29 16:00,3,0,1,1,29.52,32.575,42,11.0014
2011-08-29 17:00,3,0,1,2,28.7,31.82,47,15.0013
2011-08-29 18:00,3,0,1,1,27.06,31.06,47,16.9979
2011-08-29 19:00,3,0,1,1,27.06,31.06,47,16.9979
2011-08-29 20:00,3,0,1,1,26.24,31.06,53,11.0014
2011-08-29 21:00,3,0,1,1,26.24,31.06,53,12.998
2011-08-29 22:00,3,0,1,1,25.42,31.06,57,8.9981
2011-08-29 23:00,3,0,1,1,24.6,30.305,60,6.0032
2011-08-30 0:00,3,0,1,1,22.96,26.515,73,8.9981
2011-08-30 1:00,3,0,1,1,22.96,26.515,68,7.0015
2011-08-30 2:00,3,0,1,1,22.14,25.76,73,7.0015
2011-08-30 3:00,3,0,1,1,22.14,25.76,73,12.998
2011-08-30 4:00,3,0,1,1,21.32,25,77,11.0014
2011-08-30 5:00,3,0,1,1,21.32,25,77,6.0032
2011-08-30 6:00,3,0,1,1,22.14,25.76,73,7.0015
2011-08-30 7:00,3,0,1,1,22.96,26.515,68,8.9981
2011-08-30 8:00,3,0,1,1,25.42,31.06,57,8.9981
2011-08-30 9:00,3,0,1,1,27.06,31.06,50,15.0013
2011-08-30 10:00,3,0,1,1,28.7,31.82,39,15.0013
2011-08-30 11:00,3,0,1,1,29.52,32.575,37,12.998
2011-08-30 12:00,3,0,1,1,29.52,32.575,37,0
2011-08-30 13:00,3,0,1,1,30.34,32.575,35,7.0015
2011-08-30 14:00,3,0,1,1,30.34,32.575,33,11.0014
2011-08-30 15:00,3,0,1,1,30.34,32.575,35,15.0013
2011-08-30 16:00,3,0,1,1,30.34,32.575,37,11.0014
2011-08-30 17:00,3,0,1,1,29.52,32.575,42,12.998
2011-08-30 18:00,3,0,1,1,28.7,31.82,45,11.0014
2011-08-30 19:00,3,0,1,1,27.06,31.06,50,6.0032
2011-08-30 20:00,3,0,1,1,27.06,31.06,50,0
2011-08-30 21:00,3,0,1,1,26.24,30.305,65,6.0032
2011-08-30 22:00,3,0,1,1,25.42,30.305,61,0
2011-08-30 23:00,3,0,1,1,25.42,30.305,61,0
2011-08-31 0:00,3,0,1,1,24.6,29.545,69,0
2011-08-31 1:00,3,0,1,1,24.6,29.545,69,0
2011-08-31 2:00,3,0,1,1,22.96,26.515,73,0
2011-08-31 3:00,3,0,1,1,22.96,26.515,78,0
2011-08-31 4:00,3,0,1,1,22.96,26.515,73,0
2011-08-31 5:00,3,0,1,1,22.14,25.76,83,6.0032
2011-08-31 6:00,3,0,1,1,22.14,25.76,77,0
2011-08-31 7:00,3,0,1,1,24.6,28.79,78,0
2011-08-31 8:00,3,0,1,1,25.42,30.305,69,0
2011-08-31 9:00,3,0,1,1,26.24,30.305,69,6.0032
2011-08-31 10:00,3,0,1,1,28.7,31.82,45,7.0015
2011-08-31 11:00,3,0,1,1,29.52,32.575,42,8.9981
2011-08-31 12:00,3,0,1,1,30.34,33.335,43,8.9981
2011-08-31 13:00,3,0,1,1,30.34,32.575,37,7.0015
2011-08-31 14:00,3,0,1,1,30.34,32.575,40,8.9981
2011-08-31 15:00,3,0,1,1,30.34,32.575,40,8.9981
2011-08-31 16:00,3,0,1,1,30.34,33.335,42,8.9981
2011-08-31 17:00,3,0,1,1,29.52,32.575,45,8.9981
2011-08-31 18:00,3,0,1,1,28.7,32.575,51,15.0013
2011-08-31 19:00,3,0,1,1,34.44,38.635,47,16.9979
2011-08-31 20:00,3,0,1,1,27.06,31.06,57,8.9981
2011-08-31 21:00,3,0,1,1,27.06,31.06,61,6.0032
2011-08-31 22:00,3,0,1,1,26.24,30.305,69,0
2011-08-31 23:00,3,0,1,1,24.6,28.79,78,7.0015
2011-09-20 0:00,3,0,1,2,22.96,26.515,73,11.0014
2011-09-20 1:00,3,0,1,2,22.14,25.76,88,11.0014
2011-09-20 2:00,3,0,1,2,22.14,25.76,88,11.0014
2011-09-20 3:00,3,0,1,2,22.14,25.76,83,15.0013
2011-09-20 4:00,3,0,1,1,22.14,25.76,88,12.998
2011-09-20 5:00,3,0,1,2,22.14,25.76,88,12.998
2011-09-20 6:00,3,0,1,2,22.14,25.76,88,12.998
2011-09-20 7:00,3,0,1,2,22.14,25.76,88,11.0014
2011-09-20 8:00,3,0,1,3,22.14,25.76,94,16.9979
2011-09-20 9:00,3,0,1,3,22.14,25.76,94,15.0013
2011-09-20 10:00,3,0,1,3,22.96,26.515,88,11.0014
2011-09-20 11:00,3,0,1,3,22.96,26.515,88,11.0014
2011-09-20 12:00,3,0,1,2,22.96,26.515,94,11.0014
2011-09-20 13:00,3,0,1,2,22.96,26.515,94,8.9981
2011-09-20 14:00,3,0,1,2,23.78,27.275,88,12.998
2011-09-20 15:00,3,0,1,2,25.42,29.545,78,7.0015
2011-09-20 16:00,3,0,1,2,24.6,28.03,83,11.0014
2011-09-20 17:00,3,0,1,1,24.6,28.03,83,7.0015
2011-09-20 18:00,3,0,1,1,24.6,28.03,83,7.0015
2011-09-20 19:00,3,0,1,1,23.78,27.275,88,0
2011-09-20 20:00,3,0,1,1,22.96,26.515,94,0
2011-09-20 21:00,3,0,1,1,22.96,26.515,94,0
2011-09-20 22:00,3,0,1,1,22.96,26.515,94,0
2011-09-20 23:00,3,0,1,1,22.96,26.515,94,0
2011-09-21 0:00,3,0,1,1,22.14,25.76,100,0
2011-09-21 1:00,3,0,1,1,22.14,25.76,94,0
2011-09-21 2:00,3,0,1,1,22.14,25.76,94,0
2011-09-21 3:00,3,0,1,2,22.14,25.76,94,6.0032
2011-09-21 4:00,3,0,1,2,22.14,25.76,100,8.9981
2011-09-21 5:00,3,0,1,2,22.14,25.76,100,11.0014
2011-09-21 6:00,3,0,1,2,22.14,25.76,100,12.998
2011-09-21 7:00,3,0,1,2,22.14,25.76,100,12.998
2011-09-21 8:00,3,0,1,2,22.14,25.76,100,7.0015
2011-09-21 9:00,3,0,1,2,22.96,26.515,100,6.0032
2011-09-21 10:00,3,0,1,2,24.6,27.275,88,0
2011-09-21 11:00,3,0,1,2,25.42,28.79,83,11.0014
2011-09-21 12:00,3,0,1,2,26.24,29.545,78,6.0032
2011-09-21 13:00,3,0,1,2,27.06,31.06,74,11.0014
2011-09-21 14:00,3,0,1,2,27.06,31.06,74,12.998
2011-09-21 15:00,3,0,1,2,27.06,31.06,74,7.0015
2011-09-21 16:00,3,0,1,2,27.06,31.06,74,7.0015
2011-09-21 17:00,3,0,1,3,27.06,31.06,74,11.0014
2011-09-21 18:00,3,0,1,3,26.24,28.79,83,11.0014
2011-09-21 19:00,3,0,1,3,25.42,27.275,94,0
2011-09-21 20:00,3,0,1,3,25.42,27.275,94,0
2011-09-21 21:00,3,0,1,2,24.6,25,100,6.0032
2011-09-21 22:00,3,0,1,2,25.42,27.275,94,0
2011-09-21 23:00,3,0,1,1,24.6,25.76,94,7.0015
2011-09-22 0:00,3,0,1,1,24.6,25.76,94,7.0015
2011-09-22 1:00,3,0,1,2,24.6,25.76,94,6.0032
2011-09-22 2:00,3,0,1,2,24.6,25.76,94,7.0015
2011-09-22 3:00,3,0,1,2,24.6,25.76,94,6.0032
2011-09-22 4:00,3,0,1,2,24.6,25.76,94,6.0032
2011-09-22 5:00,3,0,1,2,24.6,25.76,94,7.0015
2011-09-22 6:00,3,0,1,2,24.6,25,100,8.9981
2011-09-22 7:00,3,0,1,2,24.6,25,100,7.0015
2011-09-22 8:00,3,0,1,2,24.6,25,100,11.0014
2011-09-22 9:00,3,0,1,2,25.42,27.275,94,12.998
2011-09-22 10:00,3,0,1,2,26.24,28.79,89,15.0013
2011-09-22 11:00,3,0,1,2,26.24,28.79,89,12.998
2011-09-22 12:00,3,0,1,2,27.06,30.305,83,11.0014
2011-09-22 13:00,3,0,1,2,27.06,30.305,83,12.998
2011-09-22 14:00,3,0,1,2,27.06,30.305,83,15.0013
2011-09-22 15:00,3,0,1,2,27.88,31.82,79,11.0014
2011-09-22 16:00,3,0,1,2,27.88,31.82,74,8.9981
2011-09-22 17:00,3,0,1,2,27.06,30.305,78,6.0032
2011-09-22 18:00,3,0,1,2,26.24,28.79,83,7.0015
2011-09-22 19:00,3,0,1,2,26.24,28.79,89,6.0032
2011-09-22 20:00,3,0,1,2,25.42,27.275,94,8.9981
2011-09-22 21:00,3,0,1,2,26.24,28.79,89,6.0032
2011-09-22 22:00,3,0,1,2,25.42,25.76,100,6.0032
2011-09-22 23:00,3,0,1,2,25.42,27.275,94,0
2011-09-23 0:00,4,0,1,2,25.42,27.275,94,6.0032
2011-09-23 1:00,4,0,1,2,24.6,25,100,0
2011-09-23 2:00,4,0,1,2,24.6,25,100,7.0015
2011-09-23 3:00,4,0,1,2,24.6,25,100,0
2011-09-23 4:00,4,0,1,3,24.6,25,100,0
2011-09-23 5:00,4,0,1,2,25.42,27.275,94,0
2011-09-23 6:00,4,0,1,2,25.42,27.275,94,6.0032
2011-09-23 7:00,4,0,1,3,25.42,27.275,94,8.9981
2011-09-23 8:00,4,0,1,3,25.42,27.275,94,8.9981
2011-09-23 9:00,4,0,1,3,25.42,25.76,100,8.9981
2011-09-23 10:00,4,0,1,3,25.42,25.76,100,7.0015
2011-09-23 11:00,4,0,1,3,25.42,25.76,100,7.0015
2011-09-23 12:00,4,0,1,3,25.42,27.275,94,7.0015
2011-09-23 13:00,4,0,1,3,24.6,25,100,6.0032
2011-09-23 14:00,4,0,1,3,24.6,25,100,6.0032
2011-09-23 15:00,4,0,1,3,25.42,27.275,94,7.0015
2011-09-23 16:00,4,0,1,3,25.42,27.275,94,0
2011-09-23 17:00,4,0,1,2,24.6,25,100,0
2011-09-23 18:00,4,0,1,1,24.6,25,100,0
2011-09-23 19:00,4,0,1,1,25.42,27.275,94,8.9981
2011-09-23 20:00,4,0,1,1,24.6,25.76,94,0
2011-09-23 21:00,4,0,1,1,24.6,25,100,11.0014
2011-09-23 22:00,4,0,1,1,24.6,25.76,94,11.0014
2011-09-23 23:00,4,0,1,2,23.78,27.275,100,8.9981
2011-09-24 0:00,4,0,0,1,23.78,27.275,100,6.0032
2011-09-24 1:00,4,0,0,2,23.78,27.275,94,6.0032
2011-09-24 2:00,4,0,0,2,23.78,27.275,94,6.0032
2011-09-24 3:00,4,0,0,1,23.78,27.275,94,0
2011-09-24 4:00,4,0,0,1,22.96,26.515,94,7.0015
2011-09-24 5:00,4,0,0,2,22.96,26.515,94,7.0015
2011-09-24 6:00,4,0,0,2,22.96,26.515,94,7.0015
2011-09-24 7:00,4,0,0,2,22.96,26.515,88,7.0015
2011-09-24 8:00,4,0,0,2,23.78,27.275,90,6.0032
2011-09-24 9:00,4,0,0,2,24.6,27.275,88,6.0032
2011-09-24 10:00,4,0,0,2,24.6,27.275,88,6.0032
2011-09-24 11:00,4,0,0,2,25.42,28.79,83,6.0032
2011-09-24 12:00,4,0,0,2,25.42,28.79,83,6.0032
2011-09-24 13:00,4,0,0,1,26.24,29.545,78,0
2011-09-24 14:00,4,0,0,2,27.06,31.06,74,8.9981
2011-09-24 15:00,4,0,0,2,27.06,31.06,74,8.9981
2011-09-24 16:00,4,0,0,2,26.24,29.545,78,6.0032
2011-09-24 17:00,4,0,0,1,27.06,31.06,74,7.0015
2011-09-24 18:00,4,0,0,1,26.24,29.545,78,7.0015
2011-09-24 19:00,4,0,0,1,25.42,28.03,88,0
2011-09-24 20:00,4,0,0,1,25.42,28.79,83,0
2011-09-24 21:00,4,0,0,1,25.42,28.79,83,6.0032
2011-09-24 22:00,4,0,0,2,25.42,28.03,88,0
2011-09-24 23:00,4,0,0,2,24.6,27.275,88,6.0032
2011-09-25 0:00,4,0,0,2,24.6,27.275,88,0
2011-09-25 1:00,4,0,0,2,24.6,27.275,88,7.0015
2011-09-25 2:00,4,0,0,3,24.6,25.76,94,0
2011-09-25 3:00,4,0,0,3,24.6,25.76,94,0
2011-09-25 4:00,4,0,0,3,24.6,25.76,94,8.9981
2011-09-25 5:00,4,0,0,1,24.6,27.275,88,6.0032
2011-09-25 6:00,4,0,0,2,24.6,27.275,88,7.0015
2011-09-25 7:00,4,0,0,2,24.6,25.76,94,8.9981
2011-09-25 8:00,4,0,0,2,25.42,28.03,88,0
2011-09-25 9:00,4,0,0,2,26.24,28.79,83,0
2011-09-25 10:00,4,0,0,2,26.24,28.79,83,0
2011-09-25 11:00,4,0,0,2,27.06,30.305,78,8.9981
2011-09-25 12:00,4,0,0,2,27.06,30.305,78,0
2011-09-25 13:00,4,0,0,2,27.88,31.82,74,0
2011-09-25 14:00,4,0,0,2,27.06,30.305,78,0
2011-09-25 15:00,4,0,0,2,27.06,30.305,78,0
2011-09-25 16:00,4,0,0,1,28.7,32.575,70,0
2011-09-25 17:00,4,0,0,1,27.88,31.82,74,0
2011-09-25 18:00,4,0,0,1,27.88,31.82,74,0
2011-09-25 19:00,4,0,0,1,26.24,28.79,83,8.9981
2011-09-25 20:00,4,0,0,1,26.24,28.79,83,6.0032
2011-09-25 21:00,4,0,0,1,25.42,27.275,94,6.0032
2011-09-25 22:00,4,0,0,1,25.42,28.03,88,6.0032
2011-09-25 23:00,4,0,0,2,25.42,27.275,94,7.0015
2011-09-26 0:00,4,0,1,2,25.42,27.275,94,0
2011-09-26 1:00,4,0,1,2,25.42,28.03,88,7.0015
2011-09-26 2:00,4,0,1,2,25.42,28.03,88,7.0015
2011-09-26 3:00,4,0,1,2,25.42,27.275,94,0
2011-09-26 4:00,4,0,1,2,25.42,27.275,94,6.0032
2011-09-26 5:00,4,0,1,2,25.42,28.03,88,0
2011-09-26 6:00,4,0,1,2,25.42,27.275,94,6.0032
2011-09-26 7:00,4,0,1,2,25.42,27.275,94,0
2011-09-26 8:00,4,0,1,2,25.42,27.275,94,0
2011-09-26 9:00,4,0,1,2,26.24,28.79,89,12.998
2011-09-26 10:00,4,0,1,2,26.24,28.79,89,12.998
2011-09-26 11:00,4,0,1,1,27.88,31.82,79,15.0013
2011-09-26 12:00,4,0,1,2,27.88,31.82,79,11.0014
2011-09-26 13:00,4,0,1,2,28.7,33.335,74,11.0014
2011-09-26 14:00,4,0,1,1,28.7,32.575,70,11.0014
2011-09-26 15:00,4,0,1,1,29.52,34.09,62,8.9981
2011-09-26 16:00,4,0,1,1,28.7,32.575,65,11.0014
2011-09-26 17:00,4,0,1,1,28.7,32.575,70,8.9981
2011-09-26 18:00,4,0,1,1,27.06,30.305,83,7.0015
2011-09-26 19:00,4,0,1,1,27.06,30.305,82,6.0032
2011-09-26 20:00,4,0,1,1,26.24,28.79,89,8.9981
2011-09-26 21:00,4,0,1,1,26.24,28.79,89,8.9981
2011-09-26 22:00,4,0,1,1,25.42,27.275,94,8.9981
2011-09-26 23:00,4,0,1,1,25.42,27.275,94,8.9981
2011-09-27 0:00,4,0,1,1,25.42,27.275,94,8.9981
2011-09-27 1:00,4,0,1,1,25.42,27.275,94,11.0014
2011-09-27 2:00,4,0,1,1,25.42,27.275,94,7.0015
2011-09-27 3:00,4,0,1,2,25.42,27.275,94,0
2011-09-27 4:00,4,0,1,3,25.42,27.275,94,6.0032
2011-09-27 5:00,4,0,1,3,25.42,27.275,94,6.0032
2011-09-27 6:00,4,0,1,2,25.42,27.275,94,7.0015
2011-09-27 7:00,4,0,1,2,25.42,27.275,94,7.0015
2011-09-27 8:00,4,0,1,2,26.24,28.79,89,7.0015
2011-09-27 9:00,4,0,1,3,26.24,28.79,89,12.998
2011-09-27 10:00,4,0,1,3,26.24,28.03,94,11.0014
2011-09-27 11:00,4,0,1,2,27.06,29.545,89,7.0015
2011-09-27 12:00,4,0,1,2,27.06,29.545,89,8.9981
2011-09-27 13:00,4,0,1,2,28.7,33.335,74,15.0013
2011-09-27 14:00,4,0,1,2,27.88,31.82,79,7.0015
2011-09-27 15:00,4,0,1,2,27.88,31.82,83,6.0032
2011-09-27 16:00,4,0,1,2,27.06,30.305,83,12.998
2011-09-27 17:00,4,0,1,2,27.06,29.545,89,12.998
2011-09-27 18:00,4,0,1,2,26.24,28.79,89,15.0013
2011-09-27 19:00,4,0,1,2,26.24,28.79,89,8.9981
2011-09-27 20:00,4,0,1,1,25.42,29.545,78,0
2011-09-27 21:00,4,0,1,1,24.6,28.03,83,0
2011-09-27 22:00,4,0,1,1,24.6,27.275,88,6.0032
2011-09-27 23:00,4,0,1,1,24.6,27.275,88,6.0032
2011-09-28 0:00,4,0,1,1,24.6,27.275,88,0
2011-09-28 1:00,4,0,1,1,24.6,27.275,88,0
2011-09-28 2:00,4,0,1,1,24.6,27.275,88,16.9979
2011-09-28 3:00,4,0,1,2,24.6,25.76,94,6.0032
2011-09-28 4:00,4,0,1,1,24.6,27.275,88,0
2011-09-28 5:00,4,0,1,2,24.6,25.76,94,0
2011-09-28 6:00,4,0,1,3,24.6,25.76,94,11.0014
2011-09-28 7:00,4,0,1,3,24.6,25.76,94,11.0014
2011-09-28 8:00,4,0,1,3,25.42,27.275,94,15.0013
2011-09-28 9:00,4,0,1,3,25.42,27.275,94,15.0013
2011-09-28 10:00,4,0,1,2,25.42,27.275,94,0
2011-09-28 11:00,4,0,1,2,27.06,30.305,83,7.0015
2011-09-28 12:00,4,0,1,2,27.88,31.82,79,0
2011-09-28 13:00,4,0,1,1,28.7,33.335,74,16.9979
2011-09-28 14:00,4,0,1,1,29.52,34.09,62,16.9979
2011-09-28 15:00,4,0,1,1,28.7,32.575,70,8.9981
2011-09-28 16:00,4,0,1,1,28.7,32.575,70,12.998
2011-09-28 17:00,4,0,1,1,28.7,32.575,70,15.0013
2011-09-28 18:00,4,0,1,3,27.06,30.305,83,16.9979
2011-09-28 19:00,4,0,1,3,27.06,30.305,83,16.9979
2011-09-28 20:00,4,0,1,3,24.6,28.03,83,19.9995
2011-09-28 21:00,4,0,1,3,24.6,27.275,88,16.9979
2011-09-28 22:00,4,0,1,1,24.6,27.275,88,6.0032
2011-09-28 23:00,4,0,1,1,24.6,25.76,94,8.9981
2011-09-29 0:00,4,0,1,1,24.6,25.76,94,12.998
2011-09-29 1:00,4,0,1,2,24.6,25,100,12.998
2011-09-29 2:00,4,0,1,2,24.6,25,100,12.998
2011-09-29 3:00,4,0,1,2,24.6,25.76,94,12.998
2011-09-29 4:00,4,0,1,2,24.6,27.275,88,12.998
2011-09-29 5:00,4,0,1,2,24.6,27.275,88,7.0015
2011-09-29 6:00,4,0,1,2,24.6,27.275,88,6.0032
2011-09-29 7:00,4,0,1,1,24.6,27.275,88,8.9981
2011-09-29 8:00,4,0,1,1,24.6,28.03,83,0
2011-09-29 9:00,4,0,1,1,25.42,29.545,78,16.9979
2011-09-29 10:00,4,0,1,1,26.24,30.305,65,12.998
2011-09-29 11:00,4,0,1,1,25.42,30.305,61,12.998
2011-09-29 12:00,4,0,1,1,27.06,31.06,61,11.0014
2011-09-29 13:00,4,0,1,1,26.24,31.06,61,12.998
2011-09-29 14:00,4,0,1,1,27.88,31.82,51,19.9995
2011-09-29 15:00,4,0,1,1,27.88,31.82,45,26.0027
2011-09-29 16:00,4,0,1,1,27.88,31.82,41,23.9994
2011-09-29 17:00,4,0,1,1,27.06,31.06,47,19.9995
2011-09-29 18:00,4,0,1,1,26.24,31.06,41,15.0013
2011-09-29 19:00,4,0,1,1,25.42,31.06,50,6.0032
2011-09-29 20:00,4,0,1,1,24.6,31.06,53,6.0032
2011-09-29 21:00,4,0,1,1,23.78,27.275,56,0
2011-09-29 22:00,4,0,1,1,22.96,26.515,68,0
2011-09-29 23:00,4,0,1,1,21.32,25,77,7.0015
2011-09-30 0:00,4,0,1,1,21.32,25,83,7.0015
2011-09-30 1:00,4,0,1,1,21.32,25,77,6.0032
2011-09-30 2:00,4,0,1,1,21.32,25,83,7.0015
2011-09-30 3:00,4,0,1,1,21.32,25,83,7.0015
2011-09-30 4:00,4,0,1,1,21.32,25,83,12.998
2011-09-30 5:00,4,0,1,1,21.32,25,83,12.998
2011-09-30 6:00,4,0,1,1,21.32,25,83,15.0013
2011-09-30 7:00,4,0,1,1,21.32,25,83,15.0013
2011-09-30 8:00,4,0,1,1,22.14,25.76,77,8.9981
2011-09-30 9:00,4,0,1,1,22.96,26.515,73,12.998
2011-09-30 10:00,4,0,1,1,24.6,30.305,64,0
2011-09-30 11:00,4,0,1,1,26.24,31.06,57,6.0032
2011-09-30 12:00,4,0,1,2,26.24,31.06,57,12.998
2011-09-30 13:00,4,0,1,2,27.06,31.06,47,22.0028
2011-09-30 14:00,4,0,1,2,26.24,31.06,47,19.9995
2011-09-30 15:00,4,0,1,1,26.24,31.06,50,19.0012
2011-09-30 16:00,4,0,1,1,25.42,31.06,53,15.0013
2011-09-30 17:00,4,0,1,1,25.42,31.06,53,12.998
2011-09-30 18:00,4,0,1,1,23.78,27.275,49,23.9994
2011-09-30 19:00,4,0,1,1,22.14,25.76,52,19.0012
2011-09-30 20:00,4,0,1,1,22.14,25.76,52,19.0012
2011-09-30 21:00,4,0,1,1,21.32,25,55,12.998
2011-09-30 22:00,4,0,1,1,21.32,25,55,22.0028
2011-09-30 23:00,4,0,1,1,21.32,25,55,22.0028
2011-10-20 0:00,4,0,1,1,22.96,26.515,94,19.9995
2011-10-20 1:00,4,0,1,1,22.96,26.515,88,23.9994
2011-10-20 2:00,4,0,1,1,22.96,26.515,88,30.0026
2011-10-20 3:00,4,0,1,1,20.5,24.24,82,31.0009
2011-10-20 4:00,4,0,1,1,20.5,24.24,82,31.0009
2011-10-20 5:00,4,0,1,1,19.68,23.485,82,23.9994
2011-10-20 6:00,4,0,1,1,18.04,21.97,82,27.9993
2011-10-20 7:00,4,0,1,1,17.22,21.21,77,30.0026
2011-10-20 8:00,4,0,1,1,18.04,21.97,67,35.0008
2011-10-20 9:00,4,0,1,1,18.04,21.97,67,39.0007
2011-10-20 10:00,4,0,1,1,18.86,22.725,59,30.0026
2011-10-20 11:00,4,0,1,1,19.68,23.485,55,35.0008
2011-10-20 12:00,4,0,1,1,19.68,23.485,48,35.0008
2011-10-20 13:00,4,0,1,1,20.5,24.24,45,39.0007
2011-10-20 14:00,4,0,1,2,19.68,23.485,48,36.9974
2011-10-20 15:00,4,0,1,2,19.68,23.485,51,30.0026
2011-10-20 16:00,4,0,1,2,19.68,23.485,51,30.0026
2011-10-20 17:00,4,0,1,2,19.68,23.485,48,26.0027
2011-10-20 18:00,4,0,1,2,18.86,22.725,51,19.9995
2011-10-20 19:00,4,0,1,1,18.86,22.725,51,23.9994
2011-10-20 20:00,4,0,1,2,18.86,22.725,51,22.0028
2011-10-20 21:00,4,0,1,1,18.04,21.97,51,19.9995
2011-10-20 22:00,4,0,1,1,18.04,21.97,51,22.0028
2011-10-20 23:00,4,0,1,1,17.22,21.21,58,16.9979
2011-10-21 0:00,4,0,1,1,16.4,20.455,62,16.9979
2011-10-21 1:00,4,0,1,1,16.4,20.455,62,15.0013
2011-10-21 2:00,4,0,1,1,15.58,19.695,66,11.0014
2011-10-21 3:00,4,0,1,1,14.76,17.425,71,8.9981
2011-10-21 4:00,4,0,1,1,14.76,17.425,71,11.0014
2011-10-21 5:00,4,0,1,1,13.94,16.665,76,12.998
2011-10-21 6:00,4,0,1,1,14.76,17.425,71,11.0014
2011-10-21 7:00,4,0,1,1,14.76,17.425,71,11.0014
2011-10-21 8:00,4,0,1,1,16.4,20.455,62,12.998
2011-10-21 9:00,4,0,1,2,17.22,21.21,58,8.9981
2011-10-21 10:00,4,0,1,1,18.86,22.725,51,11.0014
2011-10-21 11:00,4,0,1,1,20.5,24.24,45,15.0013
2011-10-21 12:00,4,0,1,1,20.5,24.24,45,19.9995
2011-10-21 13:00,4,0,1,1,19.68,23.485,48,22.0028
2011-10-21 14:00,4,0,1,1,21.32,25,42,19.9995
2011-10-21 15:00,4,0,1,1,20.5,24.24,45,19.0012
2011-10-21 16:00,4,0,1,1,20.5,24.24,45,16.9979
2011-10-21 17:00,4,0,1,2,18.86,22.725,51,16.9979
2011-10-21 18:00,4,0,1,2,18.04,21.97,54,16.9979
2011-10-21 19:00,4,0,1,2,18.04,21.97,54,26.0027
2011-10-21 20:00,4,0,1,2,18.04,21.97,54,15.0013
2011-10-21 21:00,4,0,1,1,17.22,21.21,58,11.0014
2011-10-21 22:00,4,0,1,1,17.22,21.21,54,11.0014
2011-10-21 23:00,4,0,1,1,16.4,20.455,62,15.0013
2011-10-22 0:00,4,0,0,1,16.4,20.455,62,12.998
2011-10-22 1:00,4,0,0,1,16.4,20.455,62,12.998
2011-10-22 2:00,4,0,0,1,16.4,20.455,62,16.9979
2011-10-22 3:00,4,0,0,1,16.4,20.455,62,8.9981
2011-10-22 4:00,4,0,0,1,15.58,19.695,66,6.0032
2011-10-22 5:00,4,0,0,1,15.58,19.695,66,0
2011-10-22 6:00,4,0,0,1,14.76,18.94,71,0
2011-10-22 7:00,4,0,0,1,14.76,18.18,76,7.0015
2011-10-22 8:00,4,0,0,1,16.4,20.455,71,0
2011-10-22 9:00,4,0,0,1,17.22,21.21,67,6.0032
2011-10-22 10:00,4,0,0,2,18.04,21.97,62,7.0015
2011-10-22 11:00,4,0,0,2,18.04,21.97,62,7.0015
2011-10-22 12:00,4,0,0,1,18.86,22.725,55,6.0032
2011-10-22 13:00,4,0,0,1,20.5,24.24,45,0
2011-10-22 14:00,4,0,0,2,19.68,23.485,48,15.0013
2011-10-22 15:00,4,0,0,1,19.68,23.485,51,15.0013
2011-10-22 16:00,4,0,0,1,20.5,24.24,45,12.998
2011-10-22 17:00,4,0,0,1,18.86,22.725,55,8.9981
2011-10-22 18:00,4,0,0,1,18.04,21.97,54,6.0032
2011-10-22 19:00,4,0,0,1,18.04,21.97,67,0
2011-10-22 20:00,4,0,0,1,17.22,21.21,67,0
2011-10-22 21:00,4,0,0,1,16.4,20.455,76,0
2011-10-22 22:00,4,0,0,1,16.4,20.455,76,0
2011-10-22 23:00,4,0,0,1,15.58,19.695,82,0
2011-10-23 0:00,4,0,0,1,14.76,18.94,87,0
2011-10-23 1:00,4,0,0,1,14.76,18.94,87,0
2011-10-23 2:00,4,0,0,1,13.94,17.425,87,6.0032
2011-10-23 3:00,4,0,0,1,13.94,18.18,87,0
2011-10-23 4:00,4,0,0,1,13.94,18.18,87,0
2011-10-23 5:00,4,0,0,1,13.12,17.425,87,0
2011-10-23 6:00,4,0,0,1,13.12,16.665,87,7.0015
2011-10-23 7:00,4,0,0,1,13.94,17.425,87,6.0032
2011-10-23 8:00,4,0,0,1,14.76,17.425,87,8.9981
2011-10-23 9:00,4,0,0,1,16.4,20.455,76,0
2011-10-23 10:00,4,0,0,1,17.22,21.21,71,6.0032
2011-10-23 11:00,4,0,0,1,18.86,22.725,72,11.0014
2011-10-23 12:00,4,0,0,1,20.5,24.24,59,16.9979
2011-10-23 13:00,4,0,0,1,21.32,25,55,12.998
2011-10-23 14:00,4,0,0,1,21.32,25,55,15.0013
2011-10-23 15:00,4,0,0,1,21.32,25,52,11.0014
2011-10-23 16:00,4,0,0,1,21.32,25,55,12.998
2011-10-23 17:00,4,0,0,1,20.5,24.24,63,8.9981
2011-10-23 18:00,4,0,0,1,20.5,24.24,63,7.0015
2011-10-23 19:00,4,0,0,1,18.86,22.725,77,0
2011-10-23 20:00,4,0,0,1,18.04,21.97,72,6.0032
2011-10-23 21:00,4,0,0,1,18.04,21.97,72,6.0032
2011-10-23 22:00,4,0,0,1,17.22,21.21,77,7.0015
2011-10-23 23:00,4,0,0,1,17.22,21.21,77,11.0014
2011-10-24 0:00,4,0,1,1,17.22,21.21,77,0
2011-10-24 1:00,4,0,1,1,16.4,20.455,82,8.9981
2011-10-24 2:00,4,0,1,1,16.4,20.455,87,7.0015
2011-10-24 3:00,4,0,1,1,16.4,20.455,82,6.0032
2011-10-24 4:00,4,0,1,1,16.4,20.455,82,0
2011-10-24 5:00,4,0,1,1,15.58,19.695,87,0
2011-10-24 6:00,4,0,1,1,16.4,20.455,87,7.0015
2011-10-24 7:00,4,0,1,2,15.58,19.695,94,7.0015
2011-10-24 8:00,4,0,1,2,17.22,21.21,88,11.0014
2011-10-24 9:00,4,0,1,2,18.04,21.97,82,11.0014
2011-10-24 10:00,4,0,1,2,18.86,22.725,82,16.9979
2011-10-24 11:00,4,0,1,2,20.5,24.24,72,11.0014
2011-10-24 12:00,4,0,1,2,21.32,25,68,7.0015
2011-10-24 13:00,4,0,1,2,22.14,25.76,64,15.0013
2011-10-24 14:00,4,0,1,2,22.14,25.76,64,12.998
2011-10-24 15:00,4,0,1,1,22.96,26.515,60,11.0014
2011-10-24 16:00,4,0,1,1,22.14,25.76,64,12.998
2011-10-24 17:00,4,0,1,1,21.32,25,68,8.9981
2011-10-24 18:00,4,0,1,1,22.14,25.76,60,6.0032
2011-10-24 19:00,4,0,1,3,19.68,23.485,82,0
2011-10-24 20:00,4,0,1,1,19.68,23.485,82,7.0015
2011-10-24 21:00,4,0,1,1,18.86,22.725,87,7.0015
2011-10-24 22:00,4,0,1,1,19.68,23.485,75,11.0014
2011-10-24 23:00,4,0,1,1,18.86,22.725,77,6.0032
2011-10-25 0:00,4,0,1,1,18.04,21.97,77,8.9981
2011-10-25 1:00,4,0,1,1,18.04,21.97,77,8.9981
2011-10-25 2:00,4,0,1,1,17.22,21.21,82,8.9981
2011-10-25 3:00,4,0,1,1,16.4,20.455,87,0
2011-10-25 4:00,4,0,1,1,15.58,19.695,87,8.9981
2011-10-25 5:00,4,0,1,1,15.58,19.695,87,8.9981
2011-10-25 6:00,4,0,1,1,15.58,19.695,82,7.0015
2011-10-25 7:00,4,0,1,1,16.4,20.455,76,12.998
2011-10-25 8:00,4,0,1,1,18.04,21.97,72,0
2011-10-25 9:00,4,0,1,1,19.68,23.485,55,15.0013
2011-10-25 10:00,4,0,1,1,20.5,24.24,51,16.9979
2011-10-25 11:00,4,0,1,1,21.32,25,48,19.0012
2011-10-25 12:00,4,0,1,1,22.14,25.76,39,23.9994
2011-10-25 13:00,4,0,1,1,22.96,26.515,37,26.0027
2011-10-25 14:00,4,0,1,1,22.96,26.515,40,16.9979
2011-10-25 15:00,4,0,1,1,22.96,26.515,37,7.0015
2011-10-25 16:00,4,0,1,1,22.96,26.515,37,12.998
2011-10-25 17:00,4,0,1,1,22.96,26.515,37,7.0015
2011-10-25 18:00,4,0,1,1,21.32,25,42,7.0015
2011-10-25 19:00,4,0,1,1,19.68,23.485,67,12.998
2011-10-25 20:00,4,0,1,1,18.86,22.725,67,7.0015
2011-10-25 21:00,4,0,1,1,18.04,21.97,72,8.9981
2011-10-25 22:00,4,0,1,1,18.86,22.725,67,12.998
2011-10-25 23:00,4,0,1,1,18.04,21.97,72,8.9981
2011-10-26 0:00,4,0,1,1,18.04,21.97,72,12.998
2011-10-26 1:00,4,0,1,1,18.04,21.97,67,16.9979
2011-10-26 2:00,4,0,1,1,18.04,21.97,67,11.0014
2011-10-26 3:00,4,0,1,1,18.04,21.97,67,15.0013
2011-10-26 4:00,4,0,1,1,17.22,21.21,71,16.9979
2011-10-26 5:00,4,0,1,1,17.22,21.21,71,15.0013
2011-10-26 6:00,4,0,1,1,17.22,21.21,71,15.0013
2011-10-26 7:00,4,0,1,1,17.22,21.21,71,11.0014
2011-10-26 8:00,4,0,1,2,18.04,21.97,67,12.998
2011-10-26 9:00,4,0,1,2,19.68,23.485,63,15.0013
2011-10-26 10:00,4,0,1,2,21.32,25,62,16.9979
2011-10-26 11:00,4,0,1,1,21.32,25,59,22.0028
2011-10-26 12:00,4,0,1,3,23.78,27.275,53,15.0013
2011-10-26 13:00,4,0,1,3,22.96,26.515,60,7.0015
2011-10-26 14:00,4,0,1,2,21.32,25,77,0
2011-10-26 15:00,4,0,1,2,21.32,25,77,0
2011-10-26 16:00,4,0,1,2,21.32,25,77,6.0032
2011-10-26 17:00,4,0,1,2,21.32,25,77,7.0015
2011-10-26 18:00,4,0,1,1,21.32,25,77,11.0014
2011-10-26 19:00,4,0,1,1,20.5,24.24,82,0
2011-10-26 20:00,4,0,1,1,20.5,24.24,88,0
2011-10-26 21:00,4,0,1,2,21.32,25,77,0
2011-10-26 22:00,4,0,1,2,19.68,23.485,88,6.0032
2011-10-26 23:00,4,0,1,2,19.68,23.485,88,6.0032
2011-10-27 0:00,4,0,1,1,18.86,22.725,94,0
2011-10-27 1:00,4,0,1,1,18.86,22.725,94,0
2011-10-27 2:00,4,0,1,3,18.86,22.725,94,0
2011-10-27 3:00,4,0,1,3,18.86,22.725,94,0
2011-10-27 4:00,4,0,1,3,19.68,23.485,88,0
2011-10-27 5:00,4,0,1,3,19.68,23.485,88,6.0032
2011-10-27 6:00,4,0,1,3,20.5,24.24,82,0
2011-10-27 7:00,4,0,1,2,18.86,22.725,94,6.0032
2011-10-27 8:00,4,0,1,3,19.68,23.485,88,12.998
2011-10-27 9:00,4,0,1,2,20.5,24.24,82,11.0014
2011-10-27 10:00,4,0,1,3,20.5,24.24,88,12.998
2011-10-27 11:00,4,0,1,3,20.5,24.24,88,8.9981
2011-10-27 12:00,4,0,1,3,20.5,24.24,88,8.9981
2011-10-27 13:00,4,0,1,2,20.5,24.24,88,11.0014
2011-10-27 14:00,4,0,1,2,21.32,25,83,0
2011-10-27 15:00,4,0,1,2,21.32,25,83,7.0015
2011-10-27 16:00,4,0,1,2,22.96,26.515,73,11.0014
2011-10-27 17:00,4,0,1,2,20.5,24.24,72,31.0009
2011-10-27 18:00,4,0,1,2,19.68,23.485,67,31.0009
2011-10-27 19:00,4,0,1,2,18.04,21.97,67,31.0009
2011-10-27 20:00,4,0,1,1,17.22,21.21,67,32.9975
2011-10-27 21:00,4,0,1,1,16.4,20.455,62,35.0008
2011-10-27 22:00,4,0,1,1,14.76,15.91,66,32.9975
2011-10-27 23:00,4,0,1,1,13.94,15.15,61,27.9993
2011-10-28 0:00,4,0,1,1,13.94,15.91,66,16.9979
2011-10-28 1:00,4,0,1,1,13.12,15.15,66,16.9979
2011-10-28 2:00,4,0,1,1,13.12,15.15,66,19.0012
2011-10-28 3:00,4,0,1,1,12.3,14.395,70,19.0012
2011-10-28 4:00,4,0,1,1,12.3,14.395,65,19.0012
2011-10-28 5:00,4,0,1,2,12.3,14.395,61,16.9979
2011-10-28 6:00,4,0,1,1,11.48,13.635,65,16.9979
2011-10-28 7:00,4,0,1,1,11.48,13.635,65,16.9979
2011-10-28 8:00,4,0,1,1,12.3,14.395,61,19.0012
2011-10-28 9:00,4,0,1,1,13.12,15.15,57,15.0013
2011-10-28 10:00,4,0,1,1,13.94,15.91,57,15.0013
2011-10-28 11:00,4,0,1,1,14.76,17.425,50,15.0013
2011-10-28 12:00,4,0,1,2,15.58,19.695,40,11.0014
2011-10-28 13:00,4,0,1,2,15.58,19.695,42,15.0013
2011-10-28 14:00,4,0,1,2,14.76,17.425,46,12.998
2011-10-28 15:00,4,0,1,2,14.76,16.665,43,16.9979
2011-10-28 16:00,4,0,1,2,14.76,17.425,46,11.0014
2011-10-28 17:00,4,0,1,2,14.76,17.425,50,8.9981
2011-10-28 18:00,4,0,1,2,14.76,17.425,53,11.0014
2011-10-28 19:00,4,0,1,2,14.76,17.425,50,8.9981
2011-10-28 20:00,4,0,1,3,13.94,15.91,61,15.0013
2011-10-28 21:00,4,0,1,3,13.12,15.91,70,11.0014
2011-10-28 22:00,4,0,1,3,12.3,14.395,75,19.0012
2011-10-28 23:00,4,0,1,3,12.3,13.635,81,22.0028
2011-10-29 0:00,4,0,0,3,11.48,12.88,87,19.9995
2011-10-29 1:00,4,0,0,3,12.3,13.635,87,19.9995
2011-10-29 2:00,4,0,0,3,12.3,13.635,87,19.9995
2011-10-29 3:00,4,0,0,3,12.3,13.635,81,27.9993
2011-10-29 4:00,4,0,0,3,12.3,13.635,81,27.9993
2011-10-29 5:00,4,0,0,3,10.66,11.365,93,23.9994
2011-10-29 6:00,4,0,0,3,10.66,11.365,87,23.9994
2011-10-29 7:00,4,0,0,3,10.66,11.365,87,23.9994
2011-10-29 8:00,4,0,0,3,11.48,12.88,87,23.9994
2011-10-29 9:00,4,0,0,3,11.48,12.88,87,23.9994
2011-10-29 10:00,4,0,0,3,10.66,11.365,93,22.0028
2011-10-29 11:00,4,0,0,3,10.66,11.365,93,26.0027
2011-10-29 12:00,4,0,0,3,9.84,9.85,87,32.9975
2011-10-29 13:00,4,0,0,3,9.84,9.85,87,35.0008
2011-10-29 14:00,4,0,0,3,9.84,9.85,87,30.0026
2011-10-29 15:00,4,0,0,3,9.02,10.605,93,16.9979
2011-10-29 16:00,4,0,0,3,9.02,9.85,93,22.0028
2011-10-29 17:00,4,0,0,3,9.02,9.85,93,22.0028
2011-10-29 18:00,4,0,0,3,9.02,9.85,93,22.0028
2011-10-29 19:00,4,0,0,1,9.84,10.605,87,23.9994
2011-10-29 20:00,4,0,0,1,9.84,10.605,87,23.9994
2011-10-29 21:00,4,0,0,1,9.84,10.605,87,23.9994
2011-10-29 22:00,4,0,0,1,9.02,10.605,87,15.0013
2011-10-29 23:00,4,0,0,1,9.02,11.365,87,12.998
2011-10-30 0:00,4,0,0,1,9.02,10.605,87,15.0013
2011-10-30 1:00,4,0,0,1,9.02,10.605,87,16.9979
2011-10-30 2:00,4,0,0,1,9.02,10.605,87,19.0012
2011-10-30 3:00,4,0,0,1,9.84,10.605,75,23.9994
2011-10-30 4:00,4,0,0,1,9.02,9.85,80,22.0028
2011-10-30 5:00,4,0,0,1,9.84,10.605,75,19.9995
2011-10-30 6:00,4,0,0,1,9.84,11.365,75,16.9979
2011-10-30 7:00,4,0,0,1,9.84,14.395,75,0
2011-10-30 8:00,4,0,0,1,10.66,12.88,70,15.0013
2011-10-30 9:00,4,0,0,1,12.3,14.395,65,16.9979
2011-10-30 10:00,4,0,0,1,13.12,16.665,61,6.0032
2011-10-30 11:00,4,0,0,1,14.76,17.425,53,15.0013
2011-10-30 12:00,4,0,0,1,15.58,19.695,50,12.998
2011-10-30 13:00,4,0,0,1,16.4,20.455,43,15.0013
2011-10-30 14:00,4,0,0,1,17.22,21.21,38,12.998
2011-10-30 15:00,4,0,0,1,17.22,21.21,35,11.0014
2011-10-30 16:00,4,0,0,1,17.22,21.21,32,8.9981
2011-10-30 17:00,4,0,0,1,16.4,20.455,35,7.0015
2011-10-30 18:00,4,0,0,1,14.76,17.425,40,8.9981
2011-10-30 19:00,4,0,0,1,22.96,26.515,49,19.9995
2011-10-30 20:00,4,0,0,1,13.94,18.18,57,0
2011-10-30 21:00,4,0,0,1,13.12,17.425,66,0
2011-10-30 22:00,4,0,0,1,12.3,16.665,75,0
2011-10-30 23:00,4,0,0,1,10.66,15.15,87,0
2011-10-31 0:00,4,0,1,1,10.66,15.15,87,0
2011-10-31 1:00,4,0,1,1,10.66,15.15,81,0
2011-10-31 2:00,4,0,1,1,9.84,14.395,87,0
2011-10-31 3:00,4,0,1,1,9.84,12.88,87,7.0015
2011-10-31 4:00,4,0,1,1,9.84,14.395,87,0
2011-10-31 5:00,4,0,1,1,9.02,13.635,93,0
2011-10-31 6:00,4,0,1,1,9.84,14.395,87,0
2011-10-31 7:00,4,0,1,1,9.84,14.395,93,0
2011-10-31 8:00,4,0,1,2,11.48,15.91,87,0
2011-10-31 9:00,4,0,1,2,13.12,15.91,76,11.0014
2011-10-31 10:00,4,0,1,2,14.76,17.425,57,11.0014
2011-10-31 11:00,4,0,1,1,16.4,20.455,50,8.9981
2011-10-31 12:00,4,0,1,1,17.22,21.21,44,15.0013
2011-10-31 13:00,4,0,1,2,18.04,21.97,44,15.0013
2011-10-31 14:00,4,0,1,2,18.04,21.97,47,15.0013
2011-10-31 15:00,4,0,1,1,18.04,21.97,47,11.0014
2011-10-31 16:00,4,0,1,1,17.22,21.21,54,11.0014
2011-10-31 17:00,4,0,1,1,17.22,21.21,54,8.9981
2011-10-31 18:00,4,0,1,1,16.4,20.455,66,6.0032
2011-10-31 19:00,4,0,1,1,16.4,20.455,66,6.0032
2011-10-31 20:00,4,0,1,1,16.4,20.455,66,6.0032
2011-10-31 21:00,4,0,1,2,14.76,17.425,76,12.998
2011-10-31 22:00,4,0,1,2,14.76,17.425,76,12.998
2011-10-31 23:00,4,0,1,2,14.76,17.425,76,12.998
2011-11-20 0:00,4,0,0,1,15.58,19.695,66,11.0014
2011-11-20 1:00,4,0,0,1,16.4,20.455,62,16.9979
2011-11-20 2:00,4,0,0,1,16.4,20.455,62,19.0012
2011-11-20 3:00,4,0,0,2,16.4,20.455,66,19.0012
2011-11-20 4:00,4,0,0,2,16.4,20.455,71,19.0012
2011-11-20 5:00,4,0,0,2,17.22,21.21,67,19.0012
2011-11-20 6:00,4,0,0,2,17.22,21.21,67,16.9979
2011-11-20 7:00,4,0,0,1,17.22,21.21,67,15.0013
2011-11-20 8:00,4,0,0,2,17.22,21.21,71,19.0012
2011-11-20 9:00,4,0,0,1,18.04,21.97,72,11.0014
2011-11-20 10:00,4,0,0,2,18.04,21.97,72,7.0015
2011-11-20 11:00,4,0,0,2,20.5,24.24,63,7.0015
2011-11-20 12:00,4,0,0,2,20.5,24.24,63,8.9981
2011-11-20 13:00,4,0,0,2,22.14,25.76,60,12.998
2011-11-20 14:00,4,0,0,1,21.32,25,63,16.9979
2011-11-20 15:00,4,0,0,2,21.32,25,68,12.998
2011-11-20 16:00,4,0,0,2,21.32,25,63,8.9981
2011-11-20 17:00,4,0,0,2,21.32,25,63,12.998
2011-11-20 18:00,4,0,0,2,22.14,25.76,64,12.998
2011-11-20 19:00,4,0,0,2,20.5,24.24,72,7.0015
2011-11-20 20:00,4,0,0,2,21.32,25,68,7.0015
2011-11-20 21:00,4,0,0,2,19.68,23.485,77,6.0032
2011-11-20 22:00,4,0,0,3,18.86,22.725,88,6.0032
2011-11-20 23:00,4,0,0,3,18.86,22.725,88,6.0032
2011-11-21 0:00,4,0,1,2,18.86,22.725,94,0
2011-11-21 1:00,4,0,1,3,18.86,22.725,94,12.998
2011-11-21 2:00,4,0,1,3,18.04,21.97,100,12.998
2011-11-21 3:00,4,0,1,3,18.04,21.97,100,8.9981
2011-11-21 4:00,4,0,1,3,18.04,21.97,100,8.9981
2011-11-21 5:00,4,0,1,2,18.04,21.97,100,0
2011-11-21 6:00,4,0,1,2,17.22,21.21,100,0
2011-11-21 7:00,4,0,1,2,18.86,22.725,94,11.0014
2011-11-21 8:00,4,0,1,2,18.86,22.725,94,0
2011-11-21 9:00,4,0,1,2,19.68,23.485,94,7.0015
2011-11-21 10:00,4,0,1,2,21.32,25,83,0
2011-11-21 11:00,4,0,1,2,21.32,25,83,7.0015
2011-11-21 12:00,4,0,1,2,20.5,24.24,77,8.9981
2011-11-21 13:00,4,0,1,2,20.5,24.24,77,8.9981
2011-11-21 14:00,4,0,1,2,19.68,23.485,82,12.998
2011-11-21 15:00,4,0,1,3,18.04,21.97,94,15.0013
2011-11-21 16:00,4,0,1,3,18.04,21.97,94,15.0013
2011-11-21 17:00,4,0,1,3,17.22,21.21,94,19.9995
2011-11-21 18:00,4,0,1,3,17.22,21.21,88,12.998
2011-11-21 19:00,4,0,1,3,16.4,20.455,94,12.998
2011-11-21 20:00,4,0,1,3,16.4,20.455,87,15.0013
2011-11-21 21:00,4,0,1,3,16.4,20.455,87,11.0014
2011-11-21 22:00,4,0,1,3,16.4,20.455,87,8.9981
2011-11-21 23:00,4,0,1,3,16.4,20.455,87,11.0014
2011-11-22 0:00,4,0,1,3,15.58,19.695,94,7.0015
2011-11-22 1:00,4,0,1,3,16.4,20.455,94,8.9981
2011-11-22 2:00,4,0,1,3,15.58,19.695,100,7.0015
2011-11-22 3:00,4,0,1,3,15.58,19.695,100,7.0015
2011-11-22 4:00,4,0,1,3,15.58,19.695,94,11.0014
2011-11-22 5:00,4,0,1,3,15.58,19.695,94,11.0014
2011-11-22 6:00,4,0,1,2,15.58,19.695,94,7.0015
2011-11-22 7:00,4,0,1,3,15.58,19.695,94,15.0013
2011-11-22 8:00,4,0,1,3,15.58,19.695,94,15.0013
2011-11-22 9:00,4,0,1,3,16.4,20.455,94,0
2011-11-22 10:00,4,0,1,3,16.4,20.455,94,0
2011-11-22 11:00,4,0,1,3,16.4,20.455,94,8.9981
2011-11-22 12:00,4,0,1,3,16.4,20.455,100,6.0032
2011-11-22 13:00,4,0,1,3,17.22,21.21,100,6.0032
2011-11-22 14:00,4,0,1,3,17.22,21.21,100,6.0032
2011-11-22 15:00,4,0,1,3,18.04,21.97,94,0
2011-11-22 16:00,4,0,1,3,18.04,21.97,94,0
2011-11-22 17:00,4,0,1,3,18.04,21.97,100,6.0032
2011-11-22 18:00,4,0,1,3,18.04,21.97,100,0
2011-11-22 19:00,4,0,1,3,18.86,22.725,94,7.0015
2011-11-22 20:00,4,0,1,2,18.86,22.725,100,15.0013
2011-11-22 21:00,4,0,1,2,18.86,22.725,100,16.9979
2011-11-22 22:00,4,0,1,2,20.5,24.24,94,12.998
2011-11-22 23:00,4,0,1,2,19.68,23.485,94,16.9979
2011-11-23 0:00,4,0,1,2,19.68,23.485,94,16.9979
2011-11-23 1:00,4,0,1,2,19.68,23.485,94,19.9995
2011-11-23 2:00,4,0,1,3,20.5,24.24,94,23.9994
2011-11-23 3:00,4,0,1,3,20.5,24.24,94,23.9994
2011-11-23 4:00,4,0,1,3,21.32,25,88,23.9994
2011-11-23 5:00,4,0,1,2,18.86,22.725,94,12.998
2011-11-23 6:00,4,0,1,2,18.04,21.97,100,0
2011-11-23 7:00,4,0,1,2,18.86,22.725,100,6.0032
2011-11-23 8:00,4,0,1,2,19.68,23.485,94,7.0015
2011-11-23 9:00,4,0,1,2,21.32,25,94,12.998
2011-11-23 10:00,4,0,1,2,21.32,25,94,12.998
2011-11-23 11:00,4,0,1,2,20.5,24.24,72,27.9993
2011-11-23 12:00,4,0,1,1,19.68,23.485,55,27.9993
2011-11-23 13:00,4,0,1,2,18.04,21.97,54,32.9975
2011-11-23 14:00,4,0,1,1,17.22,21.21,54,31.0009
2011-11-23 15:00,4,0,1,2,17.22,21.21,54,30.0026
2011-11-23 16:00,4,0,1,2,16.4,20.455,62,31.0009
2011-11-23 17:00,4,0,1,3,15.58,19.695,71,26.0027
2011-11-23 18:00,4,0,1,2,16.4,20.455,58,35.0008
2011-11-23 19:00,4,0,1,1,15.58,19.695,58,26.0027
2011-11-23 20:00,4,0,1,1,14.76,16.665,62,26.0027
2011-11-23 21:00,4,0,1,1,14.76,15.91,57,31.0009
2011-11-23 22:00,4,0,1,1,13.94,15.15,61,30.0026
2011-11-23 23:00,4,0,1,1,13.94,15.15,61,23.9994
2011-11-24 0:00,4,1,0,1,13.12,15.15,57,15.0013
2011-11-24 1:00,4,1,0,1,13.12,14.395,57,27.9993
2011-11-24 2:00,4,1,0,1,12.3,14.395,61,19.0012
2011-11-24 3:00,4,1,0,1,11.48,14.395,65,8.9981
2011-11-24 4:00,4,1,0,1,12.3,15.91,61,6.0032
2011-11-24 5:00,4,1,0,1,12.3,15.91,61,7.0015
2011-11-24 6:00,4,1,0,1,12.3,15.91,61,6.0032
2011-11-24 7:00,4,1,0,1,10.66,13.635,75,7.0015
2011-11-24 8:00,4,1,0,1,12.3,15.91,65,6.0032
2011-11-24 9:00,4,1,0,1,13.94,17.425,61,0
2011-11-24 10:00,4,1,0,1,14.76,18.94,57,0
2011-11-24 11:00,4,1,0,1,17.22,21.21,41,19.9995
2011-11-24 12:00,4,1,0,1,18.86,22.725,36,15.0013
2011-11-24 13:00,4,1,0,1,19.68,23.485,33,15.0013
2011-11-24 14:00,4,1,0,1,20.5,24.24,31,19.9995
2011-11-24 15:00,4,1,0,1,20.5,24.24,31,16.9979
2011-11-24 16:00,4,1,0,1,20.5,24.24,34,19.0012
2011-11-24 17:00,4,1,0,1,19.68,23.485,33,7.0015
2011-11-24 18:00,4,1,0,1,17.22,21.21,50,6.0032
2011-11-24 19:00,4,1,0,1,16.4,20.455,54,7.0015
2011-11-24 20:00,4,1,0,1,14.76,17.425,76,11.0014
2011-11-24 21:00,4,1,0,1,14.76,17.425,71,11.0014
2011-11-24 22:00,4,1,0,1,14.76,17.425,71,11.0014
2011-11-24 23:00,4,1,0,1,13.94,17.425,76,7.0015
2011-11-25 0:00,4,0,1,1,13.94,16.665,76,11.0014
2011-11-25 1:00,4,0,1,1,13.94,18.18,76,0
2011-11-25 2:00,4,0,1,1,11.48,14.395,81,7.0015
2011-11-25 3:00,4,0,1,1,11.48,14.395,75,7.0015
2011-11-25 4:00,4,0,1,1,12.3,15.91,75,7.0015
2011-11-25 5:00,4,0,1,1,11.48,15.91,75,0
2011-11-25 6:00,4,0,1,1,10.66,13.635,81,7.0015
2011-11-25 7:00,4,0,1,1,10.66,15.15,81,0
2011-11-25 8:00,4,0,1,1,10.66,13.635,81,8.9981
2011-11-25 9:00,4,0,1,1,13.12,17.425,76,0
2011-11-25 10:00,4,0,1,1,14.76,17.425,71,11.0014
2011-11-25 11:00,4,0,1,1,16.4,20.455,66,7.0015
2011-11-25 12:00,4,0,1,1,18.86,22.725,51,7.0015
2011-11-25 13:00,4,0,1,1,20.5,24.24,45,15.0013
2011-11-25 14:00,4,0,1,1,21.32,25,39,15.0013
2011-11-25 15:00,4,0,1,1,21.32,25,36,12.998
2011-11-25 16:00,4,0,1,1,20.5,24.24,39,11.0014
2011-11-25 17:00,4,0,1,1,20.5,24.24,34,7.0015
2011-11-25 18:00,4,0,1,1,18.86,22.725,44,6.0032
2011-11-25 19:00,4,0,1,1,17.22,21.21,67,0
2011-11-25 20:00,4,0,1,1,16.4,20.455,58,6.0032
2011-11-25 21:00,4,0,1,1,14.76,18.94,71,0
2011-11-25 22:00,4,0,1,1,13.94,17.425,71,6.0032
2011-11-25 23:00,4,0,1,1,13.94,17.425,76,7.0015
2011-11-26 0:00,4,0,0,1,13.94,17.425,76,7.0015
2011-11-26 1:00,4,0,0,1,13.12,16.665,76,6.0032
2011-11-26 2:00,4,0,0,1,12.3,15.91,81,7.0015
2011-11-26 3:00,4,0,0,1,12.3,16.665,81,0
2011-11-26 4:00,4,0,0,1,12.3,16.665,81,0
2011-11-26 5:00,4,0,0,1,12.3,15.91,75,7.0015
2011-11-26 6:00,4,0,0,2,12.3,15.91,75,6.0032
2011-11-26 7:00,4,0,0,1,10.66,13.635,87,7.0015
2011-11-26 8:00,4,0,0,1,13.12,16.665,76,6.0032
2011-11-26 9:00,4,0,0,1,13.94,17.425,76,6.0032
2011-11-26 10:00,4,0,0,1,14.76,18.94,81,0
2011-11-26 11:00,4,0,0,1,16.4,20.455,62,7.0015
2011-11-26 12:00,4,0,0,1,18.04,21.97,51,0
2011-11-26 13:00,4,0,0,1,19.68,23.485,44,0
2011-11-26 14:00,4,0,0,2,19.68,23.485,48,8.9981
2011-11-26 15:00,4,0,0,2,20.5,24.24,42,7.0015
2011-11-26 16:00,4,0,0,2,18.86,22.725,47,8.9981
2011-11-26 17:00,4,0,0,2,18.86,22.725,47,8.9981
2011-11-26 18:00,4,0,0,2,17.22,21.21,62,11.0014
2011-11-26 19:00,4,0,0,2,16.4,20.455,71,6.0032
2011-11-26 20:00,4,0,0,2,17.22,21.21,58,0
2011-11-26 21:00,4,0,0,2,15.58,19.695,82,0
2011-11-26 22:00,4,0,0,2,15.58,19.695,76,0
2011-11-26 23:00,4,0,0,1,14.76,18.94,81,0
2011-11-27 0:00,4,0,0,1,14.76,18.94,81,0
2011-11-27 1:00,4,0,0,1,14.76,18.94,81,0
2011-11-27 2:00,4,0,0,1,13.94,18.18,81,0
2011-11-27 3:00,4,0,0,1,13.94,18.18,87,0
2011-11-27 4:00,4,0,0,1,13.94,17.425,87,7.0015
2011-11-27 5:00,4,0,0,1,14.76,17.425,87,12.998
2011-11-27 6:00,4,0,0,1,15.58,19.695,82,11.0014
2011-11-27 7:00,4,0,0,1,15.58,19.695,87,15.0013
2011-11-27 8:00,4,0,0,1,16.4,20.455,82,19.9995
2011-11-27 9:00,4,0,0,1,18.86,22.725,72,19.0012
2011-11-27 10:00,4,0,0,1,18.86,22.725,72,19.0012
2011-11-27 11:00,4,0,0,1,20.5,24.24,63,23.9994
2011-11-27 12:00,4,0,0,1,22.14,25.76,56,19.0012
2011-11-27 13:00,4,0,0,1,22.14,25.76,60,12.998
2011-11-27 14:00,4,0,0,1,25.42,31.06,43,31.0009
2011-11-27 15:00,4,0,0,1,25.42,31.06,43,19.0012
2011-11-27 16:00,4,0,0,1,22.96,26.515,52,16.9979
2011-11-27 17:00,4,0,0,1,22.14,25.76,56,12.998
2011-11-27 18:00,4,0,0,1,20.5,24.24,63,11.0014
2011-11-27 19:00,4,0,0,1,19.68,23.485,67,15.0013
2011-11-27 20:00,4,0,0,1,20.5,24.24,63,16.9979
2011-11-27 21:00,4,0,0,1,19.68,23.485,67,19.0012
2011-11-27 22:00,4,0,0,1,19.68,23.485,72,16.9979
2011-11-27 23:00,4,0,0,1,19.68,23.485,72,16.9979
2011-11-28 0:00,4,0,1,1,18.86,22.725,77,19.0012
2011-11-28 1:00,4,0,1,1,18.86,22.725,77,19.9995
2011-11-28 3:00,4,0,1,1,18.04,21.97,88,15.0013
2011-11-28 4:00,4,0,1,1,18.04,21.97,82,6.0032
2011-11-28 5:00,4,0,1,1,16.4,20.455,87,0
2011-11-28 6:00,4,0,1,1,17.22,21.21,82,6.0032
2011-11-28 7:00,4,0,1,1,17.22,21.21,88,0
2011-11-28 8:00,4,0,1,2,17.22,21.21,94,0
2011-11-28 9:00,4,0,1,2,18.04,21.97,88,15.0013
2011-11-28 10:00,4,0,1,2,19.68,23.485,77,8.9981
2011-11-28 11:00,4,0,1,2,21.32,25,68,7.0015
2011-11-28 12:00,4,0,1,1,22.96,26.515,60,7.0015
2011-11-28 13:00,4,0,1,2,23.78,27.275,56,0
2011-11-28 14:00,4,0,1,1,24.6,31.06,56,0
2011-11-28 15:00,4,0,1,1,23.78,27.275,60,11.0014
2011-11-28 16:00,4,0,1,1,22.96,26.515,60,12.998
2011-11-28 17:00,4,0,1,1,23.78,27.275,56,12.998
2011-11-28 18:00,4,0,1,1,22.96,26.515,64,15.0013
2011-11-28 19:00,4,0,1,1,22.14,25.76,73,15.0013
2011-11-28 20:00,4,0,1,2,22.14,25.76,73,16.9979
2011-11-28 21:00,4,0,1,2,22.14,25.76,77,15.0013
2011-11-28 22:00,4,0,1,2,21.32,25,83,7.0015
2011-11-28 23:00,4,0,1,2,21.32,25,83,8.9981
2011-11-29 0:00,4,0,1,1,21.32,25,83,0
2011-11-29 1:00,4,0,1,1,21.32,25,83,6.0032
2011-11-29 2:00,4,0,1,2,20.5,24.24,88,0
2011-11-29 3:00,4,0,1,2,20.5,24.24,88,0
2011-11-29 4:00,4,0,1,2,21.32,25,83,22.0028
2011-11-29 5:00,4,0,1,1,20.5,24.24,88,19.0012
2011-11-29 6:00,4,0,1,1,21.32,25,83,19.0012
2011-11-29 7:00,4,0,1,1,21.32,25,77,15.0013
2011-11-29 8:00,4,0,1,1,22.14,25.76,77,19.0012
2011-11-29 9:00,4,0,1,3,22.96,26.515,73,27.9993
2011-11-29 10:00,4,0,1,3,22.96,26.515,73,27.9993
2011-11-29 11:00,4,0,1,3,20.5,24.24,88,19.9995
2011-11-29 12:00,4,0,1,3,17.22,21.21,82,27.9993
2011-11-29 13:00,4,0,1,3,17.22,21.21,77,19.0012
2011-11-29 14:00,4,0,1,3,16.4,20.455,94,12.998
2011-11-29 15:00,4,0,1,3,16.4,20.455,87,22.0028
2011-11-29 16:00,4,0,1,3,16.4,20.455,87,15.0013
2011-11-29 17:00,4,0,1,2,16.4,20.455,87,19.9995
2011-11-29 18:00,4,0,1,2,16.4,20.455,82,19.9995
2011-11-29 19:00,4,0,1,2,16.4,20.455,82,22.0028
2011-11-29 20:00,4,0,1,2,15.58,19.695,87,16.9979
2011-11-29 21:00,4,0,1,2,15.58,19.695,87,16.9979
2011-11-29 22:00,4,0,1,1,15.58,19.695,82,19.9995
2011-11-29 23:00,4,0,1,1,14.76,16.665,76,26.0027
2011-11-30 0:00,4,0,1,1,14.76,16.665,62,27.9993
2011-11-30 1:00,4,0,1,1,13.94,15.15,66,22.0028
2011-11-30 2:00,4,0,1,1,13.12,15.91,70,11.0014
2011-11-30 3:00,4,0,1,1,13.12,15.91,70,11.0014
2011-11-30 4:00,4,0,1,1,12.3,14.395,75,15.0013
2011-11-30 5:00,4,0,1,1,11.48,13.635,81,12.998
2011-11-30 6:00,4,0,1,1,10.66,13.635,87,7.0015
2011-11-30 7:00,4,0,1,1,10.66,13.635,81,7.0015
2011-11-30 8:00,4,0,1,1,11.48,13.635,81,12.998
2011-11-30 9:00,4,0,1,1,12.3,14.395,75,19.0012
2011-11-30 10:00,4,0,1,1,13.94,15.91,66,15.0013
2011-11-30 11:00,4,0,1,1,15.58,19.695,54,19.9995
2011-11-30 12:00,4,0,1,2,14.76,16.665,53,19.0012
2011-11-30 13:00,4,0,1,2,15.58,19.695,43,23.9994
2011-11-30 14:00,4,0,1,2,15.58,19.695,43,23.9994
2011-11-30 15:00,4,0,1,1,14.76,16.665,46,22.0028
2011-11-30 16:00,4,0,1,1,14.76,16.665,46,19.0012
2011-11-30 17:00,4,0,1,2,13.94,15.15,49,22.0028
2011-11-30 18:00,4,0,1,1,13.94,15.15,49,22.0028
2011-11-30 19:00,4,0,1,2,13.12,15.15,57,19.0012
2011-11-30 20:00,4,0,1,2,13.12,15.15,57,19.0012
2011-11-30 21:00,4,0,1,1,13.12,14.395,53,26.0027
2011-11-30 22:00,4,0,1,1,12.3,13.635,56,19.9995
2011-11-30 23:00,4,0,1,1,11.48,12.88,52,19.0012
2011-12-20 0:00,4,0,1,1,14.76,18.18,57,7.0015
2011-12-20 1:00,4,0,1,1,14.76,18.94,53,0
2011-12-20 2:00,4,0,1,2,13.94,18.18,61,0
2011-12-20 3:00,4,0,1,2,13.94,18.18,61,0
2011-12-20 4:00,4,0,1,2,14.76,18.18,53,7.0015
2011-12-20 5:00,4,0,1,2,14.76,18.94,57,0
2011-12-20 6:00,4,0,1,2,14.76,18.94,57,0
2011-12-20 7:00,4,0,1,2,14.76,18.94,62,0
2011-12-20 8:00,4,0,1,2,17.22,21.21,54,6.0032
2011-12-20 9:00,4,0,1,2,14.76,18.94,66,0
2011-12-20 10:00,4,0,1,2,17.22,21.21,58,12.998
2011-12-20 11:00,4,0,1,2,16.4,20.455,62,11.0014
2011-12-20 12:00,4,0,1,2,18.04,21.97,54,8.9981
2011-12-20 13:00,4,0,1,2,18.04,21.97,54,8.9981
2011-12-20 14:00,4,0,1,2,18.04,21.97,58,7.0015
2011-12-20 15:00,4,0,1,2,18.04,21.97,54,0
2011-12-20 16:00,4,0,1,1,18.04,21.97,54,0
2011-12-20 17:00,4,0,1,1,16.4,20.455,62,11.0014
2011-12-20 18:00,4,0,1,1,15.58,19.695,66,12.998
2011-12-20 19:00,4,0,1,1,15.58,19.695,66,0
2011-12-20 20:00,4,0,1,1,14.76,18.94,66,0
2011-12-20 21:00,4,0,1,1,14.76,18.18,66,6.0032
2011-12-20 22:00,4,0,1,2,14.76,18.94,66,0
2011-12-20 23:00,4,0,1,2,15.58,19.695,62,0
2011-12-21 0:00,1,0,1,2,13.94,16.665,71,8.9981
2011-12-21 1:00,1,0,1,2,14.76,18.18,66,7.0015
2011-12-21 2:00,1,0,1,2,14.76,18.94,71,0
2011-12-21 3:00,1,0,1,2,14.76,18.94,71,0
2011-12-21 4:00,1,0,1,2,14.76,18.94,71,0
2011-12-21 5:00,1,0,1,2,15.58,19.695,82,7.0015
2011-12-21 6:00,1,0,1,2,14.76,18.94,87,0
2011-12-21 7:00,1,0,1,2,14.76,18.18,87,7.0015
2011-12-21 8:00,1,0,1,3,14.76,18.94,93,0
2011-12-21 9:00,1,0,1,2,16.4,20.455,87,15.0013
2011-12-21 10:00,1,0,1,2,19.68,23.485,82,27.9993
2011-12-21 11:00,1,0,1,2,19.68,23.485,82,27.9993
2011-12-21 12:00,1,0,1,3,18.86,22.725,88,26.0027
2011-12-21 13:00,1,0,1,3,18.04,21.97,94,19.9995
2011-12-21 14:00,1,0,1,2,19.68,23.485,88,23.9994
2011-12-21 15:00,1,0,1,2,19.68,23.485,88,26.0027
2011-12-21 16:00,1,0,1,3,18.04,21.97,100,22.0028
2011-12-21 17:00,1,0,1,3,18.04,21.97,100,22.0028
2011-12-21 18:00,1,0,1,2,18.04,21.97,100,19.9995
2011-12-21 19:00,1,0,1,2,20.5,24.24,94,22.0028
2011-12-21 20:00,1,0,1,2,20.5,24.24,94,23.9994
2011-12-21 21:00,1,0,1,1,20.5,24.24,88,19.0012
2011-12-21 22:00,1,0,1,1,20.5,24.24,88,16.9979
2011-12-21 23:00,1,0,1,1,20.5,24.24,88,12.998
2011-12-22 0:00,1,0,1,2,20.5,24.24,82,7.0015
2011-12-22 1:00,1,0,1,1,18.04,21.97,94,6.0032
2011-12-22 2:00,1,0,1,1,19.68,23.485,82,7.0015
2011-12-22 3:00,1,0,1,1,18.04,21.97,67,11.0014
2011-12-22 4:00,1,0,1,1,15.58,19.695,82,8.9981
2011-12-22 5:00,1,0,1,1,15.58,19.695,82,0
2011-12-22 6:00,1,0,1,1,14.76,18.94,87,0
2011-12-22 7:00,1,0,1,1,13.94,18.18,93,0
2011-12-22 8:00,1,0,1,2,14.76,18.94,87,0
2011-12-22 9:00,1,0,1,2,15.58,19.695,87,6.0032
2011-12-22 10:00,1,0,1,2,16.4,20.455,82,6.0032
2011-12-22 11:00,1,0,1,2,18.04,21.97,77,0
2011-12-22 12:00,1,0,1,2,19.68,23.485,55,0
2011-12-22 13:00,1,0,1,2,18.86,22.725,63,0
2011-12-22 14:00,1,0,1,2,18.86,22.725,63,0
2011-12-22 15:00,1,0,1,2,19.68,23.485,59,0
2011-12-22 16:00,1,0,1,2,18.86,22.725,63,0
2011-12-22 17:00,1,0,1,2,18.04,21.97,67,11.0014
2011-12-22 18:00,1,0,1,2,18.04,21.97,62,6.0032
2011-12-22 19:00,1,0,1,2,18.04,21.97,62,0
2011-12-22 20:00,1,0,1,3,17.22,21.21,71,0
2011-12-22 21:00,1,0,1,3,17.22,21.21,71,0
2011-12-22 22:00,1,0,1,3,14.76,18.18,93,7.0015
2011-12-22 23:00,1,0,1,3,16.4,20.455,87,0
2011-12-23 0:00,1,0,1,3,16.4,20.455,87,12.998
2011-12-23 1:00,1,0,1,3,16.4,20.455,87,12.998
2011-12-23 2:00,1,0,1,3,15.58,19.695,94,8.9981
2011-12-23 3:00,1,0,1,3,15.58,19.695,94,8.9981
2011-12-23 4:00,1,0,1,3,15.58,19.695,94,19.0012
2011-12-23 5:00,1,0,1,1,14.76,17.425,93,12.998
2011-12-23 6:00,1,0,1,1,15.58,19.695,82,16.9979
2011-12-23 7:00,1,0,1,1,15.58,19.695,82,15.0013
2011-12-23 8:00,1,0,1,1,16.4,20.455,76,16.9979
2011-12-23 9:00,1,0,1,1,16.4,20.455,66,19.9995
2011-12-23 10:00,1,0,1,1,16.4,20.455,62,23.9994
2011-12-23 11:00,1,0,1,1,16.4,20.455,58,30.0026
2011-12-23 12:00,1,0,1,1,16.4,20.455,54,35.0008
2011-12-23 13:00,1,0,1,1,16.4,20.455,50,31.0009
2011-12-23 14:00,1,0,1,1,16.4,20.455,54,27.9993
2011-12-23 15:00,1,0,1,1,15.58,19.695,54,23.9994
2011-12-23 16:00,1,0,1,1,15.58,19.695,50,19.9995
2011-12-23 17:00,1,0,1,1,14.76,17.425,53,15.0013
2011-12-23 18:00,1,0,1,1,14.76,16.665,50,16.9979
2011-12-23 19:00,1,0,1,1,13.94,16.665,53,12.998
2011-12-23 20:00,1,0,1,1,13.12,15.15,61,22.0028
2011-12-23 21:00,1,0,1,1,13.12,15.15,61,15.0013
2011-12-23 22:00,1,0,1,1,13.12,15.91,66,12.998
2011-12-23 23:00,1,0,1,1,13.12,16.665,66,8.9981
2011-12-24 0:00,1,0,0,2,13.12,15.91,70,11.0014
2011-12-24 1:00,1,0,0,2,13.12,17.425,66,0
2011-12-24 2:00,1,0,0,2,13.12,16.665,66,6.0032
2011-12-24 3:00,1,0,0,2,13.12,16.665,70,6.0032
2011-12-24 4:00,1,0,0,2,13.12,15.91,66,11.0014
2011-12-24 5:00,1,0,0,2,13.12,15.91,66,11.0014
2011-12-24 6:00,1,0,0,2,12.3,15.15,75,11.0014
2011-12-24 7:00,1,0,0,1,12.3,13.635,70,23.9994
2011-12-24 8:00,1,0,0,1,11.48,13.635,70,12.998
2011-12-24 9:00,1,0,0,1,12.3,13.635,45,27.9993
2011-12-24 10:00,1,0,0,1,12.3,12.88,42,32.9975
2011-12-24 11:00,1,0,0,1,13.12,14.395,39,23.9994
2011-12-24 12:00,1,0,0,1,13.94,15.91,39,19.0012
2011-12-24 13:00,1,0,0,1,13.94,15.15,39,19.9995
2011-12-24 14:00,1,0,0,1,13.94,15.15,39,19.9995
2011-12-24 15:00,1,0,0,1,13.12,15.15,39,15.0013
2011-12-24 16:00,1,0,0,1,13.12,15.91,42,12.998
2011-12-24 17:00,1,0,0,1,11.48,14.395,45,8.9981
2011-12-24 18:00,1,0,0,1,12.3,15.91,42,6.0032
2011-12-24 19:00,1,0,0,1,12.3,15.91,52,6.0032
2011-12-24 20:00,1,0,0,1,10.66,13.635,56,8.9981
2011-12-24 21:00,1,0,0,1,10.66,12.88,56,11.0014
2011-12-24 22:00,1,0,0,1,9.84,14.395,52,0
2011-12-24 23:00,1,0,0,1,9.84,12.88,56,0
2011-12-25 0:00,1,0,0,1,9.84,11.365,60,12.998
2011-12-25 1:00,1,0,0,1,9.02,11.365,69,8.9981
2011-12-25 2:00,1,0,0,1,9.02,12.88,75,6.0032
2011-12-25 3:00,1,0,0,1,9.02,13.635,72,0
2011-12-25 5:00,1,0,0,1,8.2,11.365,75,7.0015
2011-12-25 6:00,1,0,0,1,8.2,11.365,75,7.0015
2011-12-25 7:00,1,0,0,1,9.02,12.12,80,7.0015
2011-12-25 8:00,1,0,0,1,8.2,10.605,80,11.0014
2011-12-25 9:00,1,0,0,1,9.84,12.12,87,11.0014
2011-12-25 10:00,1,0,0,1,10.66,12.12,81,16.9979
2011-12-25 11:00,1,0,0,1,12.3,15.15,70,11.0014
2011-12-25 12:00,1,0,0,1,12.3,13.635,75,19.9995
2011-12-25 13:00,1,0,0,1,13.12,15.15,70,16.9979
2011-12-25 14:00,1,0,0,1,13.94,15.91,61,16.9979
2011-12-25 15:00,1,0,0,1,13.94,16.665,61,12.998
2011-12-25 16:00,1,0,0,1,14.76,18.18,57,7.0015
2011-12-25 17:00,1,0,0,1,13.94,16.665,61,8.9981
2011-12-25 18:00,1,0,0,1,13.12,15.91,70,12.998
2011-12-25 19:00,1,0,0,1,13.12,16.665,57,8.9981
2011-12-25 20:00,1,0,0,1,13.12,16.665,49,6.0032
2011-12-25 21:00,1,0,0,1,12.3,15.15,56,8.9981
2011-12-25 22:00,1,0,0,1,11.48,13.635,61,11.0014
2011-12-25 23:00,1,0,0,1,10.66,13.635,65,8.9981
2011-12-26 0:00,1,1,0,1,9.02,11.365,75,11.0014
2011-12-26 1:00,1,1,0,1,11.48,13.635,56,12.998
2011-12-26 2:00,1,1,0,1,13.94,15.91,46,15.0013
2011-12-26 4:00,1,1,0,1,13.94,15.15,46,19.9995
2011-12-26 5:00,1,1,0,1,13.94,15.15,42,26.0027
2011-12-26 6:00,1,1,0,1,13.12,15.15,45,19.0012
2011-12-26 7:00,1,1,0,1,13.12,15.91,45,12.998
2011-12-26 8:00,1,1,0,1,13.12,16.665,45,8.9981
2011-12-26 9:00,1,1,0,1,13.94,15.15,46,19.9995
2011-12-26 10:00,1,1,0,1,13.94,14.395,42,35.0008
2011-12-26 11:00,1,1,0,1,13.94,14.395,46,39.0007
2011-12-26 12:00,1,1,0,1,14.76,15.91,43,31.0009
2011-12-26 13:00,1,1,0,1,15.58,19.695,40,19.9995
2011-12-26 14:00,1,1,0,1,15.58,19.695,40,22.0028
2011-12-26 15:00,1,1,0,1,15.58,19.695,40,16.9979
2011-12-26 16:00,1,1,0,1,14.76,16.665,43,19.0012
2011-12-26 17:00,1,1,0,1,13.94,15.91,46,15.0013
2011-12-26 18:00,1,1,0,1,13.12,16.665,49,6.0032
2011-12-26 19:00,1,1,0,1,12.3,15.91,65,6.0032
2011-12-26 20:00,1,1,0,1,12.3,15.91,56,6.0032
2011-12-26 21:00,1,1,0,1,10.66,15.15,70,0
2011-12-26 22:00,1,1,0,1,10.66,15.15,70,0
2011-12-26 23:00,1,1,0,1,10.66,13.635,70,7.0015
2011-12-27 0:00,1,0,1,1,10.66,12.88,70,11.0014
2011-12-27 1:00,1,0,1,1,10.66,13.635,70,8.9981
2011-12-27 2:00,1,0,1,1,10.66,13.635,70,8.9981
2011-12-27 3:00,1,0,1,2,12.3,14.395,61,15.0013
2011-12-27 4:00,1,0,1,2,12.3,14.395,65,15.0013
2011-12-27 5:00,1,0,1,2,12.3,13.635,64,19.0012
2011-12-27 6:00,1,0,1,2,12.3,13.635,61,19.9995
2011-12-27 7:00,1,0,1,2,12.3,14.395,65,19.0012
2011-12-27 8:00,1,0,1,2,12.3,15.15,65,11.0014
2011-12-27 9:00,1,0,1,3,13.12,16.665,66,7.0015
2011-12-27 10:00,1,0,1,2,13.12,16.665,66,6.0032
2011-12-27 11:00,1,0,1,3,13.12,16.665,66,7.0015
2011-12-27 12:00,1,0,1,3,12.3,15.91,81,6.0032
2011-12-27 13:00,1,0,1,3,12.3,15.15,87,8.9981
2011-12-27 14:00,1,0,1,3,17.22,21.21,82,26.0027
2011-12-27 15:00,1,0,1,3,17.22,21.21,82,26.0027
2011-12-27 16:00,1,0,1,3,18.04,21.97,88,22.0028
2011-12-27 17:00,1,0,1,3,16.4,20.455,87,8.9981
2011-12-27 18:00,1,0,1,1,15.58,19.695,87,19.0012
2011-12-27 19:00,1,0,1,1,13.94,16.665,87,11.0014
2011-12-27 20:00,1,0,1,1,13.12,16.665,93,6.0032
2011-12-27 21:00,1,0,1,1,13.12,16.665,87,6.0032
2011-12-27 22:00,1,0,1,1,13.12,16.665,87,6.0032
2011-12-27 23:00,1,0,1,1,12.3,15.15,93,8.9981
2011-12-28 0:00,1,0,1,1,13.12,15.91,87,11.0014
2011-12-28 1:00,1,0,1,1,13.12,15.91,76,11.0014
2011-12-28 2:00,1,0,1,1,13.12,15.15,61,16.9979
2011-12-28 3:00,1,0,1,1,13.12,15.15,61,16.9979
2011-12-28 5:00,1,0,1,1,13.12,14.395,57,23.9994
2011-12-28 6:00,1,0,1,1,13.12,15.15,57,16.9979
2011-12-28 7:00,1,0,1,1,13.12,15.15,57,16.9979
2011-12-28 8:00,1,0,1,1,13.12,14.395,57,23.9994
2011-12-28 9:00,1,0,1,1,13.12,15.15,57,22.0028
2011-12-28 10:00,1,0,1,1,13.94,15.91,57,15.0013
2011-12-28 11:00,1,0,1,1,14.76,16.665,46,23.9994
2011-12-28 12:00,1,0,1,1,13.94,14.395,46,36.9974
2011-12-28 13:00,1,0,1,1,13.94,14.395,39,31.0009
2011-12-28 14:00,1,0,1,1,13.12,14.395,39,26.0027
2011-12-28 15:00,1,0,1,1,13.12,14.395,36,27.9993
2011-12-28 16:00,1,0,1,1,12.3,13.635,36,27.9993
2011-12-28 17:00,1,0,1,1,11.48,13.635,38,16.9979
2011-12-28 18:00,1,0,1,1,10.66,11.365,38,22.0028
2011-12-28 19:00,1,0,1,1,9.84,11.365,41,16.9979
2011-12-28 20:00,1,0,1,1,9.84,11.365,41,15.0013
2011-12-28 21:00,1,0,1,1,9.02,11.365,44,8.9981
2011-12-28 22:00,1,0,1,1,9.02,12.12,44,7.0015
2011-12-28 23:00,1,0,1,1,9.02,10.605,44,16.9979
2011-12-29 0:00,1,0,1,2,9.02,11.365,47,12.998
2011-12-29 1:00,1,0,1,1,9.02,10.605,47,15.0013
2011-12-29 2:00,1,0,1,1,8.2,11.365,51,7.0015
2011-12-29 3:00,1,0,1,1,8.2,9.85,55,12.998
2011-12-29 4:00,1,0,1,1,8.2,10.605,55,11.0014
2011-12-29 5:00,1,0,1,1,8.2,11.365,55,7.0015
2011-12-29 6:00,1,0,1,1,8.2,12.88,59,0
2011-12-29 7:00,1,0,1,1,7.38,10.605,64,6.0032
2011-12-29 8:00,1,0,1,2,8.2,12.88,64,0
2011-12-29 9:00,1,0,1,2,8.2,10.605,64,8.9981
2011-12-29 10:00,1,0,1,2,9.02,11.365,64,11.0014
2011-12-29 11:00,1,0,1,2,9.84,12.88,60,6.0032
2011-12-29 12:00,1,0,1,2,10.66,13.635,56,7.0015
2011-12-29 13:00,1,0,1,2,11.48,14.395,52,7.0015
2011-12-29 14:00,1,0,1,2,12.3,16.665,52,0
2011-12-29 15:00,1,0,1,2,12.3,15.91,52,6.0032
2011-12-29 16:00,1,0,1,1,12.3,15.15,52,11.0014
2011-12-29 17:00,1,0,1,1,12.3,15.15,61,11.0014
2011-12-29 18:00,1,0,1,1,12.3,15.15,56,8.9981
2011-12-29 19:00,1,0,1,1,12.3,15.91,56,7.0015
2011-12-29 20:00,1,0,1,1,11.48,14.395,65,7.0015
2011-12-29 21:00,1,0,1,2,11.48,14.395,61,8.9981
2011-12-29 22:00,1,0,1,1,11.48,14.395,65,8.9981
2011-12-29 23:00,1,0,1,1,12.3,15.15,65,11.0014
2011-12-30 0:00,1,0,1,1,11.48,14.395,70,8.9981
2011-12-30 1:00,1,0,1,1,10.66,14.395,65,6.0032
2011-12-30 2:00,1,0,1,1,9.84,12.88,70,7.0015
2011-12-30 3:00,1,0,1,1,9.84,12.88,70,7.0015
2011-12-30 4:00,1,0,1,1,9.84,12.88,70,6.0032
2011-12-30 5:00,1,0,1,1,9.02,12.88,75,6.0032
2011-12-30 6:00,1,0,1,1,9.84,12.88,70,6.0032
2011-12-30 7:00,1,0,1,1,9.84,12.88,75,6.0032
2011-12-30 8:00,1,0,1,2,9.84,12.88,75,6.0032
2011-12-30 9:00,1,0,1,1,10.66,15.15,75,0
2011-12-30 10:00,1,0,1,1,12.3,14.395,65,16.9979
2011-12-30 11:00,1,0,1,1,13.12,15.91,66,12.998
2011-12-30 12:00,1,0,1,1,13.12,16.665,57,8.9981
2011-12-30 13:00,1,0,1,2,14.76,17.425,53,8.9981
2011-12-30 14:00,1,0,1,2,16.4,20.455,47,6.0032
2011-12-30 15:00,1,0,1,1,17.22,21.21,44,0
2011-12-30 16:00,1,0,1,1,17.22,21.21,47,12.998
2011-12-30 17:00,1,0,1,1,15.58,19.695,54,11.0014
2011-12-30 18:00,1,0,1,1,14.76,17.425,62,8.9981
2011-12-30 19:00,1,0,1,2,13.94,15.15,49,27.9993
2011-12-30 20:00,1,0,1,2,13.94,17.425,66,7.0015
2011-12-30 21:00,1,0,1,2,14.76,18.18,66,7.0015
2011-12-30 22:00,1,0,1,2,13.94,16.665,71,11.0014
2011-12-30 23:00,1,0,1,2,14.76,16.665,66,16.9979
2011-12-31 0:00,1,0,0,2,15.58,19.695,62,22.0028
2011-12-31 1:00,1,0,0,2,16.4,20.455,62,19.0012
2011-12-31 2:00,1,0,0,2,16.4,20.455,62,19.0012
2011-12-31 3:00,1,0,0,2,16.4,20.455,62,19.0012
2011-12-31 4:00,1,0,0,1,15.58,19.695,71,15.0013
2011-12-31 5:00,1,0,0,2,14.76,17.425,76,15.0013
2011-12-31 6:00,1,0,0,2,16.4,20.455,71,6.0032
2011-12-31 7:00,1,0,0,3,15.58,19.695,76,0
2011-12-31 8:00,1,0,0,1,13.94,16.665,81,8.9981
2011-12-31 9:00,1,0,0,1,15.58,19.695,76,0
2011-12-31 10:00,1,0,0,1,16.4,20.455,76,11.0014
2011-12-31 11:00,1,0,0,1,17.22,21.21,71,11.0014
2011-12-31 12:00,1,0,0,1,21.32,25,39,19.9995
2011-12-31 13:00,1,0,0,1,20.5,24.24,42,32.9975
2011-12-31 14:00,1,0,0,1,18.86,22.725,51,22.0028
2011-12-31 15:00,1,0,0,1,18.86,22.725,47,32.9975
2011-12-31 16:00,1,0,0,1,18.04,21.97,51,26.0027
2011-12-31 17:00,1,0,0,1,17.22,21.21,54,12.998
2011-12-31 18:00,1,0,0,1,17.22,21.21,54,8.9981
2011-12-31 19:00,1,0,0,1,17.22,21.21,54,15.0013
2011-12-31 20:00,1,0,0,1,17.22,21.21,54,15.0013
2011-12-31 21:00,1,0,0,1,16.4,20.455,58,12.998
2011-12-31 22:00,1,0,0,1,15.58,19.695,62,8.9981
2011-12-31 23:00,1,0,0,1,14.76,18.94,66,0
2012-01-20 0:00,1,0,1,2,10.66,11.365,48,19.9995
2012-01-20 1:00,1,0,1,1,10.66,13.635,48,8.9981
2012-01-20 2:00,1,0,1,1,10.66,13.635,48,8.9981
2012-01-20 3:00,1,0,1,1,9.84,12.88,52,7.0015
2012-01-20 4:00,1,0,1,1,9.02,12.12,60,7.0015
2012-01-20 5:00,1,0,1,1,9.02,12.12,60,7.0015
2012-01-20 6:00,1,0,1,1,9.84,10.605,60,19.0012
2012-01-20 7:00,1,0,1,1,9.02,10.605,69,15.0013
2012-01-20 8:00,1,0,1,1,9.02,10.605,64,16.9979
2012-01-20 9:00,1,0,1,1,9.02,9.85,47,26.0027
2012-01-20 10:00,1,0,1,2,9.02,10.605,44,19.0012
2012-01-20 11:00,1,0,1,2,8.2,9.09,32,23.9994
2012-01-20 12:00,1,0,1,2,8.2,9.09,34,22.0028
2012-01-20 13:00,1,0,1,1,9.02,10.605,32,19.9995
2012-01-20 14:00,1,0,1,2,9.02,10.605,35,19.9995
2012-01-20 15:00,1,0,1,2,9.02,11.365,35,12.998
2012-01-20 16:00,1,0,1,2,8.2,10.605,37,11.0014
2012-01-20 17:00,1,0,1,2,9.02,12.88,32,6.0032
2012-01-20 18:00,1,0,1,2,8.2,11.365,34,6.0032
2012-01-20 19:00,1,0,1,2,8.2,11.365,37,7.0015
2012-01-20 20:00,1,0,1,2,8.2,11.365,34,6.0032
2012-01-20 21:00,1,0,1,2,8.2,11.365,37,6.0032
2012-01-20 22:00,1,0,1,2,8.2,9.85,37,15.0013
2012-01-20 23:00,1,0,1,3,6.56,7.575,64,15.0013
2012-01-21 0:00,1,0,0,3,6.56,7.575,64,15.0013
2012-01-21 1:00,1,0,0,4,5.74,6.82,86,12.998
2012-01-21 2:00,1,0,0,3,5.74,10.605,86,0
2012-01-21 3:00,1,0,0,3,5.74,9.09,93,6.0032
2012-01-21 4:00,1,0,0,3,6.56,9.85,86,6.0032
2012-01-21 5:00,1,0,0,3,6.56,9.09,86,7.0015
2012-01-21 6:00,1,0,0,3,6.56,8.335,93,11.0014
2012-01-21 7:00,1,0,0,3,6.56,8.335,93,11.0014
2012-01-21 8:00,1,0,0,2,6.56,7.575,93,16.9979
2012-01-21 9:00,1,0,0,2,6.56,7.575,93,16.9979
2012-01-21 10:00,1,0,0,3,6.56,7.575,93,16.9979
2012-01-21 11:00,1,0,0,2,7.38,10.605,86,7.0015
2012-01-21 12:00,1,0,0,2,8.2,10.605,80,11.0014
2012-01-21 13:00,1,0,0,2,8.2,9.85,80,16.9979
2012-01-21 14:00,1,0,0,3,8.2,9.85,80,12.998
2012-01-21 15:00,1,0,0,3,8.2,9.85,80,12.998
2012-01-21 16:00,1,0,0,2,8.2,9.09,80,19.9995
2012-01-21 17:00,1,0,0,2,8.2,9.09,80,26.0027
2012-01-21 18:00,1,0,0,2,8.2,9.09,75,26.0027
2012-01-21 19:00,1,0,0,2,7.38,7.575,80,26.0027
2012-01-21 20:00,1,0,0,2,7.38,8.335,80,19.9995
2012-01-21 21:00,1,0,0,1,7.38,7.575,74,22.0028
2012-01-21 22:00,1,0,0,2,7.38,8.335,74,19.9995
2012-01-21 23:00,1,0,0,2,6.56,7.575,80,16.9979
2012-01-22 0:00,1,0,0,1,6.56,6.82,80,19.9995
2012-01-22 1:00,1,0,0,2,7.38,8.335,74,19.9995
2012-01-22 2:00,1,0,0,2,7.38,8.335,74,19.0012
2012-01-22 3:00,1,0,0,2,7.38,8.335,69,19.0012
2012-01-22 4:00,1,0,0,3,6.56,6.82,80,19.0012
2012-01-22 5:00,1,0,0,3,6.56,7.575,74,15.0013
2012-01-22 6:00,1,0,0,2,6.56,7.575,74,15.0013
2012-01-22 7:00,1,0,0,2,6.56,7.575,74,15.0013
2012-01-22 8:00,1,0,0,2,6.56,7.575,74,15.0013
2012-01-22 9:00,1,0,0,2,6.56,7.575,74,15.0013
2012-01-22 10:00,1,0,0,2,6.56,6.82,74,19.0012
2012-01-22 11:00,1,0,0,3,6.56,7.575,80,16.9979
2012-01-22 12:00,1,0,0,2,6.56,7.575,80,15.0013
2012-01-22 13:00,1,0,0,2,6.56,9.09,80,8.9981
2012-01-22 14:00,1,0,0,2,6.56,8.335,80,11.0014
2012-01-22 15:00,1,0,0,2,6.56,7.575,80,12.998
2012-01-22 16:00,1,0,0,2,6.56,7.575,80,12.998
2012-01-22 17:00,1,0,0,2,6.56,9.09,80,7.0015
2012-01-22 18:00,1,0,0,3,6.56,9.09,86,7.0015
2012-01-22 19:00,1,0,0,3,6.56,9.09,86,7.0015
2012-01-22 20:00,1,0,0,3,6.56,8.335,86,11.0014
2012-01-22 21:00,1,0,0,3,6.56,9.09,86,7.0015
2012-01-22 22:00,1,0,0,2,6.56,9.85,93,6.0032
2012-01-22 23:00,1,0,0,2,6.56,9.09,93,7.0015
2012-01-23 0:00,1,0,1,2,7.38,12.12,86,0
2012-01-23 1:00,1,0,1,2,7.38,10.605,86,7.0015
2012-01-23 2:00,1,0,1,2,7.38,10.605,86,7.0015
2012-01-23 3:00,1,0,1,2,7.38,12.12,86,0
2012-01-23 4:00,1,0,1,2,8.2,12.88,80,0
2012-01-23 5:00,1,0,1,2,8.2,12.88,86,0
2012-01-23 6:00,1,0,1,2,8.2,12.88,86,0
2012-01-23 7:00,1,0,1,3,8.2,12.88,86,0
2012-01-23 8:00,1,0,1,3,8.2,10.605,86,8.9981
2012-01-23 9:00,1,0,1,2,8.2,11.365,86,6.0032
2012-01-23 10:00,1,0,1,2,8.2,12.88,93,0
2012-01-23 11:00,1,0,1,2,8.2,11.365,93,6.0032
2012-01-23 12:00,1,0,1,2,9.02,13.635,93,0
2012-01-23 13:00,1,0,1,3,9.02,12.88,93,6.0032
2012-01-23 14:00,1,0,1,3,9.02,11.365,93,12.998
2012-01-23 15:00,1,0,1,2,9.02,10.605,100,15.0013
2012-01-23 16:00,1,0,1,2,9.84,12.12,93,11.0014
2012-01-23 17:00,1,0,1,2,9.84,12.88,96,7.0015
2012-01-23 18:00,1,0,1,2,9.84,12.12,93,8.9981
2012-01-23 19:00,1,0,1,2,10.66,12.88,93,11.0014
2012-01-23 20:00,1,0,1,2,10.66,12.88,100,11.0014
2012-01-23 21:00,1,0,1,2,10.66,12.12,100,19.0012
2012-01-23 22:00,1,0,1,2,10.66,12.12,100,19.0012
2012-01-23 23:00,1,0,1,2,11.48,12.88,93,22.0028
2012-01-24 0:00,1,0,1,2,12.3,14.395,100,19.0012
2012-01-24 1:00,1,0,1,2,13.12,15.15,93,16.9979
2012-01-24 2:00,1,0,1,2,13.12,15.15,93,15.0013
2012-01-24 3:00,1,0,1,2,13.12,16.665,93,8.9981
2012-01-24 4:00,1,0,1,2,12.3,15.91,100,6.0032
2012-01-24 5:00,1,0,1,2,12.3,15.91,100,6.0032
2012-01-24 6:00,1,0,1,2,13.12,15.91,93,12.998
2012-01-24 7:00,1,0,1,2,13.12,16.665,93,8.9981
2012-01-24 8:00,1,0,1,2,13.12,16.665,93,8.9981
2012-01-24 9:00,1,0,1,2,13.12,16.665,87,6.0032
2012-01-24 10:00,1,0,1,1,13.12,16.665,93,6.0032
2012-01-24 11:00,1,0,1,1,13.94,16.665,87,8.9981
2012-01-24 12:00,1,0,1,1,13.94,16.665,87,11.0014
2012-01-24 13:00,1,0,1,1,13.94,16.665,87,11.0014
2012-01-24 14:00,1,0,1,1,14.76,17.425,81,15.0013
2012-01-24 15:00,1,0,1,2,16.4,20.455,71,11.0014
2012-01-24 16:00,1,0,1,1,16.4,20.455,71,8.9981
2012-01-24 17:00,1,0,1,1,17.22,21.21,67,6.0032
2012-01-24 18:00,1,0,1,1,16.4,20.455,62,6.0032
2012-01-24 19:00,1,0,1,1,18.04,21.97,51,6.0032
2012-01-24 20:00,1,0,1,1,13.12,17.425,76,0
2012-01-24 21:00,1,0,1,1,14.76,18.94,71,0
2012-01-24 22:00,1,0,1,1,13.12,17.425,81,0
2012-01-24 23:00,1,0,1,1,13.12,17.425,76,0
2012-01-25 0:00,1,0,1,1,10.66,15.15,93,0
2012-01-25 1:00,1,0,1,1,12.3,14.395,70,15.0013
2012-01-25 2:00,1,0,1,1,11.48,13.635,70,12.998
2012-01-25 3:00,1,0,1,1,10.66,12.88,75,12.998
2012-01-25 4:00,1,0,1,1,10.66,12.12,70,19.0012
2012-01-25 5:00,1,0,1,1,10.66,12.12,70,19.0012
2012-01-25 6:00,1,0,1,1,9.84,11.365,73,15.0013
2012-01-25 7:00,1,0,1,1,9.84,11.365,75,15.0013
2012-01-25 8:00,1,0,1,1,9.84,11.365,70,16.9979
2012-01-25 9:00,1,0,1,1,9.84,11.365,70,16.9979
2012-01-25 10:00,1,0,1,2,10.66,11.365,70,22.0028
2012-01-25 11:00,1,0,1,2,12.3,13.635,61,19.9995
2012-01-25 12:00,1,0,1,1,13.12,16.665,53,8.9981
2012-01-25 13:00,1,0,1,1,13.94,16.665,49,8.9981
2012-01-25 14:00,1,0,1,1,13.94,17.425,49,6.0032
2012-01-25 15:00,1,0,1,1,14.76,18.94,46,0
2012-01-25 16:00,1,0,1,1,13.94,16.665,53,11.0014
2012-01-25 17:00,1,0,1,1,14.76,17.425,53,11.0014
2012-01-25 18:00,1,0,1,1,13.12,16.665,66,8.9981
2012-01-25 19:00,1,0,1,2,13.94,18.18,53,0
2012-01-25 20:00,1,0,1,1,13.12,15.91,61,12.998
2012-01-25 21:00,1,0,1,1,12.3,16.665,65,0
2012-01-25 22:00,1,0,1,1,12.3,15.91,65,6.0032
2012-01-25 23:00,1,0,1,2,11.48,15.91,65,0
2012-01-26 0:00,1,0,1,2,11.48,14.395,75,7.0015
2012-01-26 1:00,1,0,1,2,11.48,15.91,75,0
2012-01-26 2:00,1,0,1,2,11.48,13.635,75,11.0014
2012-01-26 3:00,1,0,1,2,11.48,15.15,75,6.0032
2012-01-26 4:00,1,0,1,1,11.48,15.91,75,0
2012-01-26 5:00,1,0,1,2,12.3,15.91,75,7.0015
2012-01-26 6:00,1,0,1,2,11.48,15.91,81,0
2012-01-26 7:00,1,0,1,2,11.48,15.15,81,6.0032
2012-01-26 8:00,1,0,1,2,11.48,15.15,81,6.0032
2012-01-26 9:00,1,0,1,2,12.3,16.665,81,0
2012-01-26 10:00,1,0,1,2,12.3,15.15,81,8.9981
2012-01-26 11:00,1,0,1,2,12.3,15.91,87,7.0015
2012-01-26 12:00,1,0,1,2,13.94,16.665,81,8.9981
2012-01-26 13:00,1,0,1,2,15.58,19.695,71,0
2012-01-26 14:00,1,0,1,2,16.4,20.455,71,7.0015
2012-01-26 15:00,1,0,1,2,17.22,21.21,71,7.0015
2012-01-26 16:00,1,0,1,2,16.4,20.455,71,6.0032
2012-01-26 17:00,1,0,1,2,17.22,21.21,71,0
2012-01-26 18:00,1,0,1,2,17.22,21.21,71,0
2012-01-26 19:00,1,0,1,2,16.4,20.455,76,7.0015
2012-01-26 20:00,1,0,1,2,16.4,20.455,82,8.9981
2012-01-26 21:00,1,0,1,2,16.4,20.455,76,7.0015
2012-01-26 22:00,1,0,1,1,15.58,19.695,82,7.0015
2012-01-26 23:00,1,0,1,2,16.4,20.455,82,0
2012-01-27 0:00,1,0,1,2,16.4,20.455,82,16.9979
2012-01-27 1:00,1,0,1,2,16.4,20.455,87,15.0013
2012-01-27 2:00,1,0,1,1,17.22,21.21,94,8.9981
2012-01-27 3:00,1,0,1,2,17.22,21.21,94,19.0012
2012-01-27 4:00,1,0,1,2,16.4,20.455,100,19.9995
2012-01-27 5:00,1,0,1,2,17.22,21.21,94,22.0028
2012-01-27 6:00,1,0,1,2,17.22,21.21,100,22.0028
2012-01-27 7:00,1,0,1,2,17.22,21.21,100,19.9995
2012-01-27 8:00,1,0,1,3,20.5,24.24,88,19.0012
2012-01-27 9:00,1,0,1,3,20.5,24.24,88,19.0012
2012-01-27 10:00,1,0,1,3,19.68,23.485,100,11.0014
2012-01-27 11:00,1,0,1,2,19.68,23.485,94,8.9981
2012-01-27 12:00,1,0,1,2,20.5,24.24,88,11.0014
2012-01-27 13:00,1,0,1,1,20.5,24.24,59,31.0009
2012-01-27 14:00,1,0,1,1,20.5,24.24,55,36.9974
2012-01-27 15:00,1,0,1,1,19.68,23.485,51,22.0028
2012-01-27 16:00,1,0,1,1,18.04,21.97,51,36.9974
2012-01-27 17:00,1,0,1,1,17.22,21.21,50,39.0007
2012-01-27 18:00,1,0,1,1,16.4,20.455,50,32.9975
2012-01-27 19:00,1,0,1,1,14.76,16.665,50,26.0027
2012-01-27 20:00,1,0,1,1,13.94,15.15,53,23.9994
2012-01-27 21:00,1,0,1,1,13.94,14.395,53,35.0008
2012-01-27 22:00,1,0,1,1,13.94,15.15,49,26.0027
2012-01-27 23:00,1,0,1,1,13.12,14.395,49,27.9993
2012-01-28 0:00,1,0,0,1,12.3,14.395,52,19.0012
2012-01-28 1:00,1,0,0,1,12.3,15.15,52,11.0014
2012-01-28 2:00,1,0,0,1,10.66,15.15,60,0
2012-01-28 3:00,1,0,0,1,10.66,14.395,60,6.0032
2012-01-28 4:00,1,0,0,1,10.66,12.88,60,11.0014
2012-01-28 5:00,1,0,0,1,9.84,12.88,75,6.0032
2012-01-28 6:00,1,0,0,1,9.84,14.395,70,0
2012-01-28 7:00,1,0,0,1,9.02,13.635,75,0
2012-01-28 8:00,1,0,0,1,8.2,11.365,80,6.0032
2012-01-28 9:00,1,0,0,1,9.02,13.635,80,0
2012-01-28 10:00,1,0,0,1,10.66,13.635,70,8.9981
2012-01-28 11:00,1,0,0,1,12.3,15.15,56,8.9981
2012-01-28 12:00,1,0,0,1,12.3,14.395,61,19.0012
2012-01-28 13:00,1,0,0,1,13.94,15.91,57,16.9979
2012-01-28 14:00,1,0,0,1,15.58,19.695,50,26.0027
2012-01-28 15:00,1,0,0,1,16.4,20.455,47,22.0028
2012-01-28 16:00,1,0,0,1,17.22,21.21,44,23.9994
2012-01-28 17:00,1,0,0,1,17.22,21.21,44,26.0027
2012-01-28 18:00,1,0,0,1,17.22,21.21,41,15.0013
2012-01-28 19:00,1,0,0,2,17.22,21.21,41,36.9974
2012-01-28 20:00,1,0,0,1,16.4,20.455,35,26.0027
2012-01-28 21:00,1,0,0,1,14.76,16.665,29,23.9994
2012-01-28 22:00,1,0,0,1,13.94,16.665,34,12.998
2012-01-28 23:00,1,0,0,1,13.12,15.91,31,12.998
2012-01-29 0:00,1,0,0,1,12.3,14.395,33,15.0013
2012-01-29 1:00,1,0,0,1,12.3,13.635,28,23.9994
2012-01-29 2:00,1,0,0,1,11.48,12.88,26,22.0028
2012-01-29 3:00,1,0,0,1,10.66,12.88,28,12.998
2012-01-29 4:00,1,0,0,1,9.84,12.88,30,0
2012-01-29 5:00,1,0,0,1,8.2,10.605,51,8.9981
2012-01-29 6:00,1,0,0,1,8.2,11.365,40,7.0015
2012-01-29 7:00,1,0,0,1,8.2,10.605,37,8.9981
2012-01-29 8:00,1,0,0,1,7.38,9.85,40,8.9981
2012-01-29 9:00,1,0,0,1,7.38,9.85,43,8.9981
2012-01-29 10:00,1,0,0,1,9.84,12.12,35,8.9981
2012-01-29 11:00,1,0,0,1,11.48,13.635,28,15.0013
2012-01-29 12:00,1,0,0,1,13.12,15.15,26,15.0013
2012-01-29 13:00,1,0,0,1,13.12,15.15,26,15.0013
2012-01-29 14:00,1,0,0,1,13.12,15.15,26,16.9979
2012-01-29 15:00,1,0,0,1,14.76,16.665,25,19.0012
2012-01-29 16:00,1,0,0,1,14.76,16.665,21,27.9993
2012-01-29 17:00,1,0,0,1,14.76,16.665,21,27.9993
2012-01-29 18:00,1,0,0,1,13.94,15.15,23,23.9994
2012-01-29 19:00,1,0,0,1,13.12,15.15,29,16.9979
2012-01-29 20:00,1,0,0,1,12.3,14.395,39,15.0013
2012-01-29 21:00,1,0,0,1,12.3,14.395,33,19.0012
2012-01-29 22:00,1,0,0,1,13.12,14.395,26,26.0027
2012-01-29 23:00,1,0,0,1,12.3,13.635,33,22.0028
2012-01-30 0:00,1,0,1,2,13.12,14.395,26,27.9993
2012-01-30 1:00,1,0,1,1,10.66,11.365,60,23.9994
2012-01-30 2:00,1,0,1,1,9.84,10.605,48,23.9994
2012-01-30 3:00,1,0,1,1,9.84,11.365,48,12.998
2012-01-30 4:00,1,0,1,1,8.2,10.605,51,8.9981
2012-01-30 5:00,1,0,1,1,8.2,10.605,51,8.9981
2012-01-30 6:00,1,0,1,1,9.02,10.605,44,16.9979
2012-01-30 7:00,1,0,1,1,9.02,10.605,44,19.0012
2012-01-30 8:00,1,0,1,1,8.2,9.85,47,15.0013
2012-01-30 9:00,1,0,1,1,8.2,9.85,47,15.0013
2012-01-30 10:00,1,0,1,1,9.02,10.605,41,19.0012
2012-01-30 11:00,1,0,1,1,10.66,12.88,38,0
2012-01-30 12:00,1,0,1,1,10.66,11.365,35,26.0027
2012-01-30 13:00,1,0,1,1,12.3,14.395,31,12.998
2012-01-30 14:00,1,0,1,1,13.12,16.665,24,8.9981
2012-01-30 15:00,1,0,1,1,13.12,15.91,24,12.998
2012-01-30 16:00,1,0,1,1,13.94,16.665,25,12.998
2012-01-30 17:00,1,0,1,1,14.76,17.425,21,12.998
2012-01-30 18:00,1,0,1,1,13.94,16.665,23,11.0014
2012-01-30 19:00,1,0,1,1,12.3,15.91,45,7.0015
2012-01-30 20:00,1,0,1,1,12.3,15.15,39,11.0014
2012-01-30 21:00,1,0,1,1,12.3,15.15,42,11.0014
2012-01-30 22:00,1,0,1,1,11.48,13.635,48,15.0013
2012-01-30 23:00,1,0,1,1,10.66,12.88,60,12.998
2012-01-31 0:00,1,0,1,1,11.48,13.635,52,16.9979
2012-01-31 1:00,1,0,1,1,12.3,13.635,42,19.9995
2012-01-31 2:00,1,0,1,1,12.3,14.395,42,15.0013
2012-01-31 3:00,1,0,1,1,12.3,14.395,45,15.0013
2012-01-31 4:00,1,0,1,1,12.3,14.395,49,12.998
2012-01-31 5:00,1,0,1,1,12.3,14.395,49,12.998
2012-01-31 6:00,1,0,1,1,11.48,13.635,52,11.0014
2012-01-31 7:00,1,0,1,1,10.66,12.88,60,12.998
2012-01-31 8:00,1,0,1,1,10.66,13.635,60,7.0015
2012-01-31 9:00,1,0,1,1,12.3,14.395,52,12.998
2012-01-31 10:00,1,0,1,2,13.12,15.91,57,12.998
2012-01-31 11:00,1,0,1,1,16.4,20.455,37,19.0012
2012-01-31 12:00,1,0,1,1,16.4,20.455,43,19.9995
2012-01-31 13:00,1,0,1,1,18.86,22.725,36,15.0013
2012-01-31 14:00,1,0,1,1,20.5,24.24,29,22.0028
2012-01-31 15:00,1,0,1,1,22.14,25.76,26,30.0026
2012-01-31 16:00,1,0,1,1,22.14,25.76,26,30.0026
2012-01-31 17:00,1,0,1,1,22.14,25.76,26,27.9993
2012-01-31 18:00,1,0,1,1,22.14,25.76,24,23.9994
2012-01-31 19:00,1,0,1,1,20.5,24.24,29,19.0012
2012-01-31 20:00,1,0,1,1,16.4,20.455,58,7.0015
2012-01-31 21:00,1,0,1,1,18.86,22.725,33,19.9995
2012-01-31 22:00,1,0,1,1,18.04,21.97,35,19.9995
2012-01-31 23:00,1,0,1,1,18.04,21.97,38,16.9979
2012-02-20 0:00,1,1,0,2,9.84,12.88,87,6.0032
2012-02-20 1:00,1,1,0,2,9.84,12.88,87,6.0032
2012-02-20 2:00,1,1,0,2,9.84,12.88,87,6.0032
2012-02-20 3:00,1,1,0,2,9.84,11.365,81,12.998
2012-02-20 5:00,1,1,0,2,9.84,10.605,60,23.9994
2012-02-20 6:00,1,1,0,1,9.84,9.85,52,27.9993
2012-02-20 7:00,1,1,0,2,9.02,9.85,55,22.0028
2012-02-20 8:00,1,1,0,1,8.2,9.09,59,23.9994
2012-02-20 9:00,1,1,0,1,8.2,9.09,59,23.9994
2012-02-20 10:00,1,1,0,1,9.02,9.85,55,30.0026
2012-02-20 11:00,1,1,0,1,10.66,11.365,48,23.9994
2012-02-20 12:00,1,1,0,1,11.48,13.635,45,15.0013
2012-02-20 13:00,1,1,0,1,12.3,14.395,42,19.0012
2012-02-20 14:00,1,1,0,1,13.12,15.91,36,12.998
2012-02-20 15:00,1,1,0,1,13.94,15.91,34,15.0013
2012-02-20 16:00,1,1,0,1,14.76,18.94,29,7.0015
2012-02-20 17:00,1,1,0,1,15.58,19.695,27,16.9979
2012-02-20 18:00,1,1,0,1,13.94,15.91,34,15.0013
2012-02-20 19:00,1,1,0,1,13.94,15.91,34,15.0013
2012-02-20 20:00,1,1,0,1,13.94,16.665,34,12.998
2012-02-20 21:00,1,1,0,1,12.3,15.15,39,11.0014
2012-02-20 22:00,1,1,0,1,12.3,15.91,45,6.0032
2012-02-20 23:00,1,1,0,1,12.3,16.665,39,0
2012-02-21 0:00,1,0,1,1,10.66,15.15,65,0
2012-02-21 1:00,1,0,1,1,10.66,15.15,56,0
2012-02-21 2:00,1,0,1,1,9.84,14.395,60,0
2012-02-21 4:00,1,0,1,1,9.02,13.635,64,0
2012-02-21 5:00,1,0,1,1,8.2,12.88,69,0
2012-02-21 6:00,1,0,1,1,8.2,12.88,75,0
2012-02-21 7:00,1,0,1,1,9.02,13.635,64,0
2012-02-21 8:00,1,0,1,1,8.2,11.365,69,6.0032
2012-02-21 9:00,1,0,1,1,8.2,11.365,75,7.0015
2012-02-21 10:00,1,0,1,1,9.84,11.365,70,12.998
2012-02-21 11:00,1,0,1,2,10.66,12.12,70,19.0012
2012-02-21 12:00,1,0,1,2,12.3,13.635,56,26.0027
2012-02-21 13:00,1,0,1,1,13.94,15.15,49,27.9993
2012-02-21 14:00,1,0,1,2,13.12,14.395,53,26.0027
2012-02-21 15:00,1,0,1,1,13.94,15.15,49,27.9993
2012-02-21 16:00,1,0,1,1,14.76,16.665,46,27.9993
2012-02-21 17:00,1,0,1,1,15.58,19.695,40,30.0026
2012-02-21 18:00,1,0,1,1,15.58,19.695,40,30.0026
2012-02-21 19:00,1,0,1,1,14.76,16.665,46,19.9995
2012-02-21 20:00,1,0,1,1,13.94,15.91,53,16.9979
2012-02-21 21:00,1,0,1,1,13.94,16.665,61,11.0014
2012-02-21 22:00,1,0,1,2,13.94,16.665,71,12.998
2012-02-21 23:00,1,0,1,1,13.12,15.15,66,15.0013
2012-02-22 0:00,1,0,1,1,13.12,15.15,66,15.0013
2012-02-22 1:00,1,0,1,1,13.12,16.665,70,8.9981
2012-02-22 2:00,1,0,1,1,13.94,15.91,66,19.0012
2012-02-22 3:00,1,0,1,2,13.94,15.91,71,15.0013
2012-02-22 4:00,1,0,1,1,13.94,16.665,71,11.0014
2012-02-22 5:00,1,0,1,1,13.12,16.665,70,7.0015
2012-02-22 6:00,1,0,1,1,13.12,15.91,76,11.0014
2012-02-22 7:00,1,0,1,1,13.12,16.665,76,6.0032
2012-02-22 8:00,1,0,1,1,12.3,15.91,75,6.0032
2012-02-22 9:00,1,0,1,1,13.12,16.665,70,6.0032
2012-02-22 10:00,1,0,1,1,13.94,17.425,71,6.0032
2012-02-22 11:00,1,0,1,1,14.76,17.425,66,11.0014
2012-02-22 12:00,1,0,1,1,16.4,20.455,62,19.0012
2012-02-22 13:00,1,0,1,1,17.22,21.21,54,19.9995
2012-02-22 14:00,1,0,1,1,18.04,21.97,54,22.0028
2012-02-22 15:00,1,0,1,1,20.5,24.24,31,27.9993
2012-02-22 16:00,1,0,1,1,21.32,25,29,31.0009
2012-02-22 17:00,1,0,1,1,21.32,25,32,26.0027
2012-02-22 18:00,1,0,1,2,19.68,23.485,41,22.0028
2012-02-22 19:00,1,0,1,2,18.86,22.725,44,19.0012
2012-02-22 20:00,1,0,1,2,18.04,21.97,47,12.998
2012-02-22 21:00,1,0,1,2,19.68,23.485,33,19.0012
2012-02-22 22:00,1,0,1,2,18.04,21.97,47,16.9979
2012-02-22 23:00,1,0,1,2,18.86,22.725,41,19.0012
2012-02-23 0:00,1,0,1,2,18.04,21.97,47,16.9979
2012-02-23 1:00,1,0,1,2,18.04,21.97,58,19.0012
2012-02-23 2:00,1,0,1,2,18.04,21.97,62,15.0013
2012-02-23 3:00,1,0,1,3,18.04,21.97,67,12.998
2012-02-23 4:00,1,0,1,1,16.4,20.455,76,15.0013
2012-02-23 5:00,1,0,1,1,16.4,20.455,76,15.0013
2012-02-23 6:00,1,0,1,1,14.76,17.425,87,12.998
2012-02-23 7:00,1,0,1,1,14.76,17.425,81,15.0013
2012-02-23 8:00,1,0,1,1,13.94,16.665,87,12.998
2012-02-23 9:00,1,0,1,1,14.76,16.665,81,16.9979
2012-02-23 10:00,1,0,1,1,17.22,21.21,67,12.998
2012-02-23 11:00,1,0,1,1,19.68,23.485,48,19.0012
2012-02-23 12:00,1,0,1,1,20.5,24.24,42,16.9979
2012-02-23 13:00,1,0,1,1,21.32,25,39,12.998
2012-02-23 14:00,1,0,1,1,22.14,25.76,37,16.9979
2012-02-23 15:00,1,0,1,1,22.14,25.76,33,8.9981
2012-02-23 16:00,1,0,1,1,22.96,26.515,32,0
2012-02-23 17:00,1,0,1,1,22.14,25.76,32,11.0014
2012-02-23 18:00,1,0,1,1,22.14,25.76,37,8.9981
2012-02-23 19:00,1,0,1,1,20.5,24.24,39,6.0032
2012-02-23 20:00,1,0,1,1,18.86,22.725,44,8.9981
2012-02-23 21:00,1,0,1,1,18.04,21.97,51,15.0013
2012-02-23 22:00,1,0,1,1,18.04,21.97,54,16.9979
2012-02-23 23:00,1,0,1,1,18.04,21.97,54,0
2012-02-24 0:00,1,0,1,2,18.04,21.97,58,6.0032
2012-02-24 1:00,1,0,1,1,18.04,21.97,62,12.998
2012-02-24 2:00,1,0,1,3,17.22,21.21,77,19.0012
2012-02-24 3:00,1,0,1,1,17.22,21.21,82,8.9981
2012-02-24 4:00,1,0,1,1,16.4,20.455,87,8.9981
2012-02-24 5:00,1,0,1,2,16.4,20.455,87,12.998
2012-02-24 6:00,1,0,1,2,16.4,20.455,87,11.0014
2012-02-24 7:00,1,0,1,2,16.4,20.455,76,15.0013
2012-02-24 8:00,1,0,1,2,15.58,19.695,76,22.0028
2012-02-24 9:00,1,0,1,3,14.76,16.665,81,16.9979
2012-02-24 10:00,1,0,1,3,14.76,17.425,81,11.0014
2012-02-24 11:00,1,0,1,2,14.76,18.18,81,7.0015
2012-02-24 12:00,1,0,1,2,16.4,20.455,76,8.9981
2012-02-24 13:00,1,0,1,2,17.22,21.21,71,7.0015
2012-02-24 14:00,1,0,1,2,18.86,22.725,67,7.0015
2012-02-24 15:00,1,0,1,3,16.4,20.455,87,12.998
2012-02-24 16:00,1,0,1,3,16.4,20.455,87,12.998
2012-02-24 17:00,1,0,1,3,17.22,21.21,94,7.0015
2012-02-24 18:00,1,0,1,2,17.22,21.21,94,0
2012-02-24 19:00,1,0,1,2,18.04,21.97,88,7.0015
2012-02-24 20:00,1,0,1,1,18.04,21.97,62,27.9993
2012-02-24 21:00,1,0,1,1,17.22,21.21,35,54.002
2012-02-24 22:00,1,0,1,1,16.4,20.455,37,39.0007
2012-02-24 23:00,1,0,1,1,15.58,19.695,37,46.0022
2012-02-25 0:00,1,0,0,1,14.76,16.665,43,26.0027
2012-02-25 1:00,1,0,0,1,13.94,15.15,42,23.9994
2012-02-25 2:00,1,0,0,1,13.12,15.15,45,16.9979
2012-02-25 3:00,1,0,0,1,12.3,13.635,45,19.9995
2012-02-25 4:00,1,0,0,1,12.3,13.635,42,22.0028
2012-02-25 5:00,1,0,0,2,12.3,13.635,42,19.9995
2012-02-25 6:00,1,0,0,2,12.3,13.635,42,19.9995
2012-02-25 7:00,1,0,0,1,11.48,12.12,45,30.0026
2012-02-25 8:00,1,0,0,1,10.66,11.365,48,19.9995
2012-02-25 9:00,1,0,0,3,9.02,9.85,75,22.0028
2012-02-25 10:00,1,0,0,1,10.66,11.365,60,23.9994
2012-02-25 11:00,1,0,0,1,12.3,12.88,39,40.9973
2012-02-25 12:00,1,0,0,1,13.12,13.635,29,43.9989
2012-02-25 13:00,1,0,0,1,13.12,14.395,31,32.9975
2012-02-25 14:00,1,0,0,1,13.12,13.635,29,36.9974
2012-02-25 15:00,1,0,0,1,13.12,14.395,29,27.9993
2012-02-25 16:00,1,0,0,1,13.12,13.635,26,39.0007
2012-02-25 17:00,1,0,0,1,12.3,13.635,33,23.9994
2012-02-25 18:00,1,0,0,1,12.3,12.88,28,39.0007
2012-02-25 19:00,1,0,0,1,10.66,10.605,33,30.0026
2012-02-25 20:00,1,0,0,1,10.66,10.605,30,36.9974
2012-02-25 21:00,1,0,0,1,9.84,10.605,35,22.0028
2012-02-25 22:00,1,0,0,1,9.84,9.85,38,31.0009
2012-02-25 23:00,1,0,0,1,9.84,9.85,41,27.9993
2012-02-26 0:00,1,0,0,1,9.84,10.605,41,23.9994
2012-02-26 1:00,1,0,0,1,9.84,10.605,44,22.0028
2012-02-26 2:00,1,0,0,1,9.84,10.605,44,22.0028
2012-02-26 3:00,1,0,0,1,9.84,11.365,41,12.998
2012-02-26 4:00,1,0,0,1,9.84,11.365,41,12.998
2012-02-26 5:00,1,0,0,1,9.02,10.605,44,15.0013
2012-02-26 6:00,1,0,0,1,9.02,9.85,44,22.0028
2012-02-26 7:00,1,0,0,1,8.2,9.09,51,19.9995
2012-02-26 8:00,1,0,0,1,8.2,9.85,51,16.9979
2012-02-26 9:00,1,0,0,1,9.02,10.605,47,15.0013
2012-02-26 10:00,1,0,0,1,10.66,12.88,41,11.0014
2012-02-26 11:00,1,0,0,1,11.48,12.88,41,19.0012
2012-02-26 12:00,1,0,0,1,12.3,15.15,39,8.9981
2012-02-26 13:00,1,0,0,1,13.12,16.665,36,0
2012-02-26 14:00,1,0,0,1,13.94,17.425,31,0
2012-02-26 15:00,1,0,0,1,14.76,17.425,29,0
2012-02-26 16:00,1,0,0,1,14.76,16.665,32,16.9979
2012-02-26 17:00,1,0,0,1,14.76,17.425,32,15.0013
2012-02-26 18:00,1,0,0,1,13.94,15.91,36,19.0012
2012-02-26 19:00,1,0,0,1,13.94,16.665,34,11.0014
2012-02-26 20:00,1,0,0,1,13.12,15.91,42,11.0014
2012-02-26 21:00,1,0,0,1,12.3,15.15,45,8.9981
2012-02-26 22:00,1,0,0,1,12.3,14.395,42,15.0013
2012-02-26 23:00,1,0,0,1,10.66,12.88,56,11.0014
2012-02-27 0:00,1,0,1,1,10.66,12.12,60,16.9979
2012-02-27 1:00,1,0,1,1,10.66,12.88,65,15.0013
2012-02-27 2:00,1,0,1,1,10.66,11.365,70,19.9995
2012-02-27 3:00,1,0,1,1,9.84,12.12,75,11.0014
2012-02-27 4:00,1,0,1,1,9.02,11.365,80,8.9981
2012-02-27 5:00,1,0,1,1,9.02,11.365,80,8.9981
2012-02-27 6:00,1,0,1,1,9.84,11.365,70,16.9979
2012-02-27 7:00,1,0,1,1,9.84,11.365,60,15.0013
2012-02-27 8:00,1,0,1,1,9.84,12.12,60,0
2012-02-27 9:00,1,0,1,1,10.66,12.88,60,12.998
2012-02-27 10:00,1,0,1,1,13.12,15.15,45,16.9979
2012-02-27 11:00,1,0,1,1,14.76,16.665,43,16.9979
2012-02-27 12:00,1,0,1,1,16.4,20.455,37,19.9995
2012-02-27 13:00,1,0,1,1,16.4,20.455,43,19.0012
2012-02-27 14:00,1,0,1,1,18.86,22.725,36,19.0012
2012-02-27 15:00,1,0,1,1,21.32,25,25,27.9993
2012-02-27 16:00,1,0,1,1,22.14,25.76,26,30.0026
2012-02-27 17:00,1,0,1,1,22.14,25.76,24,30.0026
2012-02-27 18:00,1,0,1,1,21.32,25,27,27.9993
2012-02-27 19:00,1,0,1,1,20.5,24.24,29,26.0027
2012-02-27 20:00,1,0,1,1,19.68,23.485,33,23.9994
2012-02-27 21:00,1,0,1,1,18.86,22.725,36,19.0012
2012-02-27 22:00,1,0,1,1,18.04,21.97,44,16.9979
2012-02-27 23:00,1,0,1,1,17.22,21.21,50,11.0014
2012-02-28 0:00,1,0,1,1,17.22,21.21,54,8.9981
2012-02-28 1:00,1,0,1,1,15.58,19.695,62,11.0014
2012-02-28 2:00,1,0,1,1,16.4,20.455,54,7.0015
2012-02-28 3:00,1,0,1,1,16.4,20.455,32,23.9994
2012-02-28 4:00,1,0,1,1,13.12,14.395,42,23.9994
2012-02-28 5:00,1,0,1,1,13.12,14.395,42,23.9994
2012-02-28 6:00,1,0,1,1,12.3,13.635,45,22.0028
2012-02-28 7:00,1,0,1,1,11.48,12.88,45,19.9995
2012-02-28 8:00,1,0,1,1,10.66,12.12,48,19.0012
2012-02-28 9:00,1,0,1,1,11.48,12.88,45,23.9994
2012-02-28 10:00,1,0,1,1,12.3,13.635,42,19.9995
2012-02-28 11:00,1,0,1,1,13.94,15.91,36,16.9979
2012-02-28 12:00,1,0,1,1,14.76,17.425,34,8.9981
2012-02-28 13:00,1,0,1,1,14.76,18.18,32,7.0015
2012-02-28 14:00,1,0,1,1,16.4,20.455,28,7.0015
2012-02-28 15:00,1,0,1,1,17.22,21.21,26,6.0032
2012-02-28 16:00,1,0,1,1,17.22,21.21,28,6.0032
2012-02-28 17:00,1,0,1,1,17.22,21.21,26,6.0032
2012-02-28 18:00,1,0,1,1,17.22,21.21,28,11.0014
2012-02-28 19:00,1,0,1,1,17.22,21.21,26,0
2012-02-28 20:00,1,0,1,1,16.4,20.455,30,8.9981
2012-02-28 21:00,1,0,1,1,13.94,17.425,46,7.0015
2012-02-28 22:00,1,0,1,1,13.94,17.425,46,7.0015
2012-02-28 23:00,1,0,1,1,13.12,15.15,53,15.0013
2012-02-29 0:00,1,0,1,1,13.12,16.665,53,7.0015
2012-02-29 1:00,1,0,1,1,13.12,16.665,49,7.0015
2012-02-29 2:00,1,0,1,1,12.3,14.395,56,15.0013
2012-02-29 3:00,1,0,1,1,11.48,15.15,70,6.0032
2012-02-29 5:00,1,0,1,1,10.66,14.395,75,6.0032
2012-02-29 6:00,1,0,1,2,11.48,15.15,75,6.0032
2012-02-29 7:00,1,0,1,2,10.66,13.635,81,8.9981
2012-02-29 8:00,1,0,1,2,11.48,14.395,75,7.0015
2012-02-29 9:00,1,0,1,3,12.3,15.15,81,11.0014
2012-02-29 10:00,1,0,1,3,12.3,15.15,81,11.0014
2012-02-29 11:00,1,0,1,3,12.3,14.395,87,12.998
2012-02-29 12:00,1,0,1,3,13.12,15.15,93,22.0028
2012-02-29 13:00,1,0,1,2,14.76,16.665,93,23.9994
2012-02-29 14:00,1,0,1,2,14.76,16.665,93,23.9994
2012-02-29 15:00,1,0,1,2,16.4,20.455,82,19.0012
2012-02-29 16:00,1,0,1,3,16.4,20.455,82,15.0013
2012-02-29 17:00,1,0,1,2,16.4,20.455,87,11.0014
2012-02-29 18:00,1,0,1,3,16.4,20.455,87,0
2012-02-29 19:00,1,0,1,2,16.4,20.455,87,7.0015
2012-02-29 20:00,1,0,1,3,17.22,21.21,88,11.0014
2012-02-29 21:00,1,0,1,3,17.22,21.21,88,11.0014
2012-02-29 22:00,1,0,1,3,17.22,21.21,94,16.9979
2012-02-29 23:00,1,0,1,3,17.22,21.21,94,16.9979
2012-03-20 0:00,1,0,1,2,22.96,26.515,78,6.0032
2012-03-20 1:00,1,0,1,1,22.14,25.76,88,0
2012-03-20 2:00,1,0,1,1,22.14,25.76,88,6.0032
2012-03-20 3:00,1,0,1,2,22.14,25.76,88,0
2012-03-20 4:00,1,0,1,2,21.32,25,88,8.9981
2012-03-20 5:00,1,0,1,2,21.32,25,94,0
2012-03-20 6:00,1,0,1,2,21.32,25,94,11.0014
2012-03-20 7:00,1,0,1,3,21.32,25,94,15.0013
2012-03-20 8:00,1,0,1,2,21.32,25,88,7.0015
2012-03-20 9:00,1,0,1,2,22.14,25.76,88,11.0014
2012-03-20 10:00,1,0,1,1,22.14,25.76,88,12.998
2012-03-20 11:00,1,0,1,1,23.78,27.275,83,8.9981
2012-03-20 12:00,1,0,1,1,24.6,28.79,78,16.9979
2012-03-20 13:00,1,0,1,1,24.6,28.79,78,12.998
2012-03-20 14:00,1,0,1,2,24.6,29.545,73,11.0014
2012-03-20 15:00,1,0,1,2,25.42,30.305,69,7.0015
2012-03-20 16:00,1,0,1,1,25.42,30.305,66,15.0013
2012-03-20 17:00,1,0,1,1,24.6,29.545,73,12.998
2012-03-20 18:00,1,0,1,1,24.6,29.545,69,16.9979
2012-03-20 19:00,1,0,1,1,23.78,27.275,73,8.9981
2012-03-20 20:00,1,0,1,1,23.78,27.275,68,6.0032
2012-03-20 21:00,1,0,1,1,22.96,26.515,73,0
2012-03-20 22:00,1,0,1,1,22.14,25.76,77,0
2012-03-20 23:00,1,0,1,1,21.32,25,83,0
2012-03-21 0:00,2,0,1,1,21.32,25,88,0
2012-03-21 1:00,2,0,1,1,21.32,25,83,6.0032
2012-03-21 2:00,2,0,1,1,20.5,24.24,88,8.9981
2012-03-21 3:00,2,0,1,2,20.5,24.24,88,12.998
2012-03-21 4:00,2,0,1,2,20.5,24.24,88,8.9981
2012-03-21 5:00,2,0,1,2,20.5,24.24,88,8.9981
2012-03-21 6:00,2,0,1,2,19.68,23.485,94,15.0013
2012-03-21 7:00,2,0,1,3,19.68,23.485,94,12.998
2012-03-21 8:00,2,0,1,3,19.68,23.485,94,7.0015
2012-03-21 9:00,2,0,1,2,20.5,24.24,88,11.0014
2012-03-21 10:00,2,0,1,2,21.32,25,83,11.0014
2012-03-21 11:00,2,0,1,2,21.32,25,83,11.0014
2012-03-21 12:00,2,0,1,2,22.14,25.76,77,0
2012-03-21 13:00,2,0,1,2,22.14,25.76,83,0
2012-03-21 14:00,2,0,1,2,22.96,26.515,78,0
2012-03-21 15:00,2,0,1,2,22.96,26.515,78,0
2012-03-21 16:00,2,0,1,1,23.78,27.275,73,0
2012-03-21 17:00,2,0,1,1,24.6,29.545,69,6.0032
2012-03-21 18:00,2,0,1,1,24.6,29.545,69,0
2012-03-21 19:00,2,0,1,1,24.6,30.305,64,0
2012-03-21 20:00,2,0,1,1,22.96,26.515,78,6.0032
2012-03-21 21:00,2,0,1,1,22.14,25.76,83,7.0015
2012-03-21 22:00,2,0,1,1,21.32,25,83,11.0014
2012-03-21 23:00,2,0,1,1,22.14,25.76,77,0
2012-03-22 0:00,2,0,1,1,21.32,25,83,6.0032
2012-03-22 1:00,2,0,1,1,21.32,25,83,6.0032
2012-03-22 2:00,2,0,1,1,21.32,25,83,6.0032
2012-03-22 3:00,2,0,1,1,21.32,25,83,6.0032
2012-03-22 4:00,2,0,1,2,19.68,23.485,100,6.0032
2012-03-22 5:00,2,0,1,2,19.68,23.485,100,6.0032
2012-03-22 6:00,2,0,1,2,19.68,23.485,100,6.0032
2012-03-22 7:00,2,0,1,2,19.68,23.485,100,6.0032
2012-03-22 8:00,2,0,1,2,20.5,24.24,94,6.0032
2012-03-22 9:00,2,0,1,2,20.5,24.24,94,6.0032
2012-03-22 10:00,2,0,1,2,20.5,24.24,100,6.0032
2012-03-22 11:00,2,0,1,2,21.32,25,94,0
2012-03-22 12:00,2,0,1,2,22.14,25.76,88,12.998
2012-03-22 13:00,2,0,1,1,23.78,27.275,78,6.0032
2012-03-22 14:00,2,0,1,1,24.6,29.545,73,7.0015
2012-03-22 15:00,2,0,1,1,25.42,30.305,69,12.998
2012-03-22 16:00,2,0,1,1,26.24,30.305,65,12.998
2012-03-22 17:00,2,0,1,1,27.06,31.06,65,11.0014
2012-03-22 18:00,2,0,1,1,27.06,31.06,65,11.0014
2012-03-22 19:00,2,0,1,1,27.06,31.06,61,0
2012-03-22 20:00,2,0,1,1,25.42,29.545,73,19.0012
2012-03-22 21:00,2,0,1,1,23.78,27.275,78,11.0014
2012-03-22 22:00,2,0,1,1,22.96,26.515,83,12.998
2012-03-22 23:00,2,0,1,1,22.96,26.515,83,6.0032
2012-03-23 0:00,2,0,1,1,22.96,26.515,83,0
2012-03-23 1:00,2,0,1,1,22.14,25.76,88,0
2012-03-23 2:00,2,0,1,1,22.14,25.76,88,6.0032
2012-03-23 3:00,2,0,1,1,21.32,25,88,7.0015
2012-03-23 4:00,2,0,1,2,20.5,24.24,94,7.0015
2012-03-23 5:00,2,0,1,2,20.5,24.24,94,0
2012-03-23 6:00,2,0,1,2,20.5,24.24,88,0
2012-03-23 7:00,2,0,1,2,20.5,24.24,93,8.9981
2012-03-23 8:00,2,0,1,2,20.5,24.24,94,8.9981
2012-03-23 9:00,2,0,1,2,21.32,25,90,6.0032
2012-03-23 10:00,2,0,1,2,22.96,26.515,88,7.0015
2012-03-23 11:00,2,0,1,2,25.42,29.545,73,7.0015
2012-03-23 12:00,2,0,1,2,27.06,31.06,61,15.0013
2012-03-23 13:00,2,0,1,2,28.7,32.575,48,0
2012-03-23 14:00,2,0,1,2,29.52,32.575,42,7.0015
2012-03-23 15:00,2,0,1,2,29.52,32.575,42,8.9981
2012-03-23 16:00,2,0,1,2,29.52,32.575,42,11.0014
2012-03-23 17:00,2,0,1,2,29.52,32.575,42,11.0014
2012-03-23 18:00,2,0,1,1,28.7,31.82,45,11.0014
2012-03-23 19:00,2,0,1,1,27.06,31.06,50,12.998
2012-03-23 20:00,2,0,1,1,27.06,31.06,47,8.9981
2012-03-23 21:00,2,0,1,1,25.42,31.06,53,7.0015
2012-03-23 22:00,2,0,1,1,24.6,30.305,64,19.0012
2012-03-23 23:00,2,0,1,1,24.6,29.545,69,16.9979
2012-03-24 0:00,2,0,0,1,23.78,27.275,68,0
2012-03-24 1:00,2,0,0,1,22.96,26.515,73,6.0032
2012-03-24 2:00,2,0,0,1,22.14,25.76,77,7.0015
2012-03-24 3:00,2,0,0,1,22.14,25.76,77,7.0015
2012-03-24 4:00,2,0,0,1,21.32,25,83,6.0032
2012-03-24 5:00,2,0,0,2,21.32,25,83,11.0014
2012-03-24 6:00,2,0,0,2,21.32,25,83,11.0014
2012-03-24 7:00,2,0,0,2,20.5,24.24,88,8.9981
2012-03-24 8:00,2,0,0,2,20.5,24.24,94,12.998
2012-03-24 9:00,2,0,0,2,21.32,25,83,8.9981
2012-03-24 10:00,2,0,0,2,21.32,25,88,12.998
2012-03-24 11:00,2,0,0,2,20.5,24.24,94,12.998
2012-03-24 12:00,2,0,0,3,21.32,25,94,15.0013
2012-03-24 13:00,2,0,0,3,21.32,25,94,16.9979
2012-03-24 14:00,2,0,0,3,21.32,25,88,23.9994
2012-03-24 15:00,2,0,0,3,20.5,24.24,94,27.9993
2012-03-24 16:00,2,0,0,3,20.5,24.24,94,19.9995
2012-03-24 17:00,2,0,0,3,20.5,24.24,88,15.0013
2012-03-24 18:00,2,0,0,3,18.86,22.725,94,15.0013
2012-03-24 19:00,2,0,0,3,18.86,22.725,94,8.9981
2012-03-24 20:00,2,0,0,3,18.04,21.97,100,12.998
2012-03-24 21:00,2,0,0,3,18.04,21.97,100,12.998
2012-03-24 22:00,2,0,0,3,18.04,21.97,100,16.9979
2012-03-24 23:00,2,0,0,2,18.04,21.97,94,19.0012
2012-03-25 0:00,2,0,0,2,18.04,21.97,94,19.0012
2012-03-25 1:00,2,0,0,2,17.22,21.21,100,16.9979
2012-03-25 2:00,2,0,0,3,17.22,21.21,100,19.9995
2012-03-25 3:00,2,0,0,3,17.22,21.21,94,19.9995
2012-03-25 4:00,2,0,0,2,17.22,21.21,94,22.0028
2012-03-25 5:00,2,0,0,2,16.4,20.455,100,16.9979
2012-03-25 6:00,2,0,0,2,16.4,20.455,100,16.9979
2012-03-25 7:00,2,0,0,2,16.4,20.455,94,22.0028
2012-03-25 8:00,2,0,0,2,16.4,20.455,94,22.0028
2012-03-25 9:00,2,0,0,2,16.4,20.455,94,16.9979
2012-03-25 10:00,2,0,0,2,16.4,20.455,87,22.0028
2012-03-25 11:00,2,0,0,2,16.4,20.455,94,16.9979
2012-03-25 12:00,2,0,0,2,16.4,20.455,94,15.0013
2012-03-25 13:00,2,0,0,2,17.22,21.21,88,11.0014
2012-03-25 14:00,2,0,0,2,18.04,21.97,88,11.0014
2012-03-25 15:00,2,0,0,2,18.04,21.97,88,12.998
2012-03-25 16:00,2,0,0,1,19.68,23.485,77,0
2012-03-25 17:00,2,0,0,1,20.5,24.24,72,6.0032
2012-03-25 18:00,2,0,0,1,20.5,24.24,72,6.0032
2012-03-25 19:00,2,0,0,1,20.5,24.24,72,16.9979
2012-03-25 20:00,2,0,0,1,19.68,23.485,77,15.0013
2012-03-25 21:00,2,0,0,1,19.68,23.485,77,11.0014
2012-03-25 22:00,2,0,0,1,18.86,22.725,82,8.9981
2012-03-25 23:00,2,0,0,1,19.68,23.485,82,8.9981
2012-03-26 0:00,2,0,1,2,19.68,23.485,82,11.0014
2012-03-26 1:00,2,0,1,1,19.68,23.485,82,16.9979
2012-03-26 2:00,2,0,1,1,18.86,22.725,88,15.0013
2012-03-26 3:00,2,0,1,1,18.86,22.725,82,12.998
2012-03-26 4:00,2,0,1,1,18.04,21.97,82,11.0014
2012-03-26 5:00,2,0,1,1,18.04,21.97,77,11.0014
2012-03-26 6:00,2,0,1,1,17.22,21.21,82,12.998
2012-03-26 7:00,2,0,1,1,18.04,21.97,72,12.998
2012-03-26 8:00,2,0,1,1,18.04,21.97,62,15.0013
2012-03-26 9:00,2,0,1,1,18.86,22.725,47,19.0012
2012-03-26 10:00,2,0,1,1,20.5,24.24,36,39.0007
2012-03-26 11:00,2,0,1,1,19.68,23.485,31,39.0007
2012-03-26 12:00,2,0,1,1,19.68,23.485,33,35.0008
2012-03-26 13:00,2,0,1,1,19.68,23.485,29,46.0022
2012-03-26 14:00,2,0,1,1,19.68,23.485,33,30.0026
2012-03-26 15:00,2,0,1,1,19.68,23.485,29,40.9973
2012-03-26 16:00,2,0,1,1,19.68,23.485,25,43.0006
2012-03-26 17:00,2,0,1,1,18.86,22.725,24,30.0026
2012-03-26 18:00,2,0,1,1,18.04,21.97,26,30.0026
2012-03-26 19:00,2,0,1,1,17.22,21.21,24,23.9994
2012-03-26 20:00,2,0,1,1,16.4,20.455,26,35.0008
2012-03-26 21:00,2,0,1,1,15.58,19.695,25,32.9975
2012-03-26 22:00,2,0,1,1,14.76,16.665,25,23.9994
2012-03-26 23:00,2,0,1,1,13.94,14.395,25,35.0008
2012-03-27 0:00,2,0,1,1,13.12,14.395,26,35.0008
2012-03-27 1:00,2,0,1,1,12.3,13.635,26,31.0009
2012-03-27 2:00,2,0,1,1,10.66,11.365,30,19.9995
2012-03-27 3:00,2,0,1,1,10.66,11.365,30,22.0028
2012-03-27 4:00,2,0,1,1,9.84,10.605,32,23.9994
2012-03-27 5:00,2,0,1,1,9.02,10.605,37,19.0012
2012-03-27 6:00,2,0,1,1,9.02,11.365,37,12.998
2012-03-27 7:00,2,0,1,1,9.02,11.365,37,12.998
2012-03-27 8:00,2,0,1,1,9.02,10.605,37,19.9995
2012-03-27 9:00,2,0,1,1,9.84,11.365,38,12.998
2012-03-27 10:00,2,0,1,1,10.66,12.88,35,15.0013
2012-03-27 11:00,2,0,1,1,12.3,15.15,31,11.0014
2012-03-27 12:00,2,0,1,1,13.12,15.91,31,11.0014
2012-03-27 13:00,2,0,1,1,14.76,17.425,27,0
2012-03-27 14:00,2,0,1,1,16.4,20.455,24,8.9981
2012-03-27 15:00,2,0,1,1,17.22,21.21,20,0
2012-03-27 16:00,2,0,1,1,17.22,21.21,20,0
2012-03-27 17:00,2,0,1,1,18.04,21.97,16,0
2012-03-27 18:00,2,0,1,1,17.22,21.21,17,6.0032
2012-03-27 19:00,2,0,1,1,17.22,21.21,17,0
2012-03-27 20:00,2,0,1,1,17.22,21.21,17,6.0032
2012-03-27 21:00,2,0,1,1,14.76,17.425,37,11.0014
2012-03-27 22:00,2,0,1,1,14.76,17.425,37,8.9981
2012-03-27 23:00,2,0,1,1,14.76,17.425,37,12.998
2012-03-28 0:00,2,0,1,1,14.76,16.665,40,19.0012
2012-03-28 1:00,2,0,1,1,14.76,16.665,46,19.9995
2012-03-28 2:00,2,0,1,1,13.94,15.15,49,19.9995
2012-03-28 3:00,2,0,1,1,13.94,15.15,42,22.0028
2012-03-28 4:00,2,0,1,1,14.76,16.665,43,19.9995
2012-03-28 5:00,2,0,1,1,14.76,16.665,43,19.9995
2012-03-28 6:00,2,0,1,1,14.76,16.665,46,23.9994
2012-03-28 7:00,2,0,1,1,14.76,16.665,46,22.0028
2012-03-28 8:00,2,0,1,1,15.58,19.695,46,23.9994
2012-03-28 9:00,2,0,1,1,16.4,20.455,43,30.0026
2012-03-28 10:00,2,0,1,1,18.86,22.725,41,27.9993
2012-03-28 11:00,2,0,1,1,20.5,24.24,42,26.0027
2012-03-28 12:00,2,0,1,2,22.14,25.76,39,23.9994
2012-03-28 13:00,2,0,1,1,22.96,26.515,43,22.0028
2012-03-28 14:00,2,0,1,1,25.42,31.06,38,23.9994
2012-03-28 15:00,2,0,1,2,25.42,31.06,41,19.9995
2012-03-28 16:00,2,0,1,3,25.42,31.06,43,6.0032
2012-03-28 17:00,2,0,1,1,24.6,30.305,60,15.0013
2012-03-28 18:00,2,0,1,1,24.6,30.305,60,15.0013
2012-03-28 19:00,2,0,1,1,24.6,31.06,56,12.998
2012-03-28 20:00,2,0,1,1,24.6,31.06,56,19.9995
2012-03-28 21:00,2,0,1,1,23.78,27.275,60,16.9979
2012-03-28 22:00,2,0,1,1,22.96,26.515,64,8.9981
2012-03-28 23:00,2,0,1,1,22.14,25.76,68,8.9981
2012-03-29 0:00,2,0,1,1,22.14,25.76,68,12.998
2012-03-29 1:00,2,0,1,1,22.96,26.515,60,8.9981
2012-03-29 2:00,2,0,1,1,24.6,30.305,28,19.9995
2012-03-29 3:00,2,0,1,1,23.78,27.275,28,16.9979
2012-03-29 4:00,2,0,1,1,21.32,25,36,16.9979
2012-03-29 5:00,2,0,1,1,20.5,24.24,45,15.0013
2012-03-29 6:00,2,0,1,1,18.86,22.725,59,16.9979
2012-03-29 7:00,2,0,1,1,18.86,22.725,51,23.9994
2012-03-29 8:00,2,0,1,1,18.86,22.725,47,27.9993
2012-03-29 9:00,2,0,1,1,19.68,23.485,48,27.9993
2012-03-29 10:00,2,0,1,1,18.86,22.725,47,30.0026
2012-03-29 11:00,2,0,1,1,20.5,24.24,45,27.9993
2012-03-29 12:00,2,0,1,1,20.5,24.24,42,32.9975
2012-03-29 13:00,2,0,1,1,18.86,22.725,44,22.0028
2012-03-29 14:00,2,0,1,1,20.5,24.24,42,23.9994
2012-03-29 15:00,2,0,1,1,21.32,25,39,23.9994
2012-03-29 16:00,2,0,1,1,21.32,25,36,22.0028
2012-03-29 17:00,2,0,1,1,21.32,25,38,26.0027
2012-03-29 18:00,2,0,1,1,20.5,24.24,39,19.9995
2012-03-29 19:00,2,0,1,1,19.68,23.485,39,19.0012
2012-03-29 20:00,2,0,1,1,18.86,22.725,38,19.9995
2012-03-29 21:00,2,0,1,1,18.04,21.97,44,19.0012
2012-03-29 22:00,2,0,1,1,17.22,21.21,44,19.0012
2012-03-29 23:00,2,0,1,1,17.22,21.21,47,19.9995
2012-03-30 0:00,2,0,1,1,16.4,20.455,47,19.9995
2012-03-30 1:00,2,0,1,1,15.58,19.695,50,19.0012
2012-03-30 2:00,2,0,1,1,14.76,16.665,53,19.9995
2012-03-30 3:00,2,0,1,1,13.94,16.665,61,8.9981
2012-03-30 4:00,2,0,1,1,13.94,17.425,53,6.0032
2012-03-30 5:00,2,0,1,1,13.12,16.665,61,6.0032
2012-03-30 6:00,2,0,1,1,13.12,16.665,57,8.9981
2012-03-30 7:00,2,0,1,1,13.12,15.91,57,11.0014
2012-03-30 8:00,2,0,1,1,13.12,15.91,66,11.0014
2012-03-30 9:00,2,0,1,1,13.94,16.665,57,11.0014
2012-03-30 10:00,2,0,1,2,14.76,18.18,57,7.0015
2012-03-30 11:00,2,0,1,2,14.76,18.94,53,0
2012-03-30 12:00,2,0,1,2,15.58,19.695,54,0
2012-03-30 13:00,2,0,1,3,16.4,20.455,50,0
2012-03-30 14:00,2,0,1,3,16.4,20.455,54,0
2012-03-30 15:00,2,0,1,3,17.22,21.21,54,0
2012-03-30 16:00,2,0,1,3,16.4,20.455,62,19.0012
2012-03-30 17:00,2,0,1,2,16.4,20.455,62,15.0013
2012-03-30 18:00,2,0,1,1,17.22,21.21,54,12.998
2012-03-30 19:00,2,0,1,1,16.4,20.455,62,15.0013
2012-03-30 20:00,2,0,1,1,16.4,20.455,62,11.0014
2012-03-30 21:00,2,0,1,1,15.58,19.695,66,8.9981
2012-03-30 22:00,2,0,1,1,14.76,17.425,71,11.0014
2012-03-30 23:00,2,0,1,1,14.76,18.94,71,0
2012-03-31 0:00,2,0,0,1,15.58,19.695,82,12.998
2012-03-31 1:00,2,0,0,2,16.4,20.455,76,12.998
2012-03-31 2:00,2,0,0,2,17.22,21.21,77,16.9979
2012-03-31 3:00,2,0,0,1,16.4,20.455,82,16.9979
2012-03-31 4:00,2,0,0,1,17.22,21.21,77,27.9993
2012-03-31 5:00,2,0,0,1,16.4,20.455,82,15.0013
2012-03-31 6:00,2,0,0,2,14.76,17.425,87,11.0014
2012-03-31 7:00,2,0,0,2,14.76,17.425,87,11.0014
2012-03-31 8:00,2,0,0,2,14.76,17.425,87,12.998
2012-03-31 9:00,2,0,0,2,16.4,20.455,76,12.998
2012-03-31 10:00,2,0,0,2,16.4,20.455,76,8.9981
2012-03-31 11:00,2,0,0,1,18.86,22.725,72,8.9981
2012-03-31 12:00,2,0,0,1,19.68,23.485,67,0
2012-03-31 13:00,2,0,0,1,22.14,25.76,60,8.9981
2012-03-31 14:00,2,0,0,2,20.5,24.24,63,16.9979
2012-03-31 15:00,2,0,0,2,21.32,25,59,19.0012
2012-03-31 16:00,2,0,0,2,20.5,24.24,63,19.9995
2012-03-31 17:00,2,0,0,1,19.68,23.485,67,27.9993
2012-03-31 18:00,2,0,0,2,18.04,21.97,72,31.0009
2012-03-31 19:00,2,0,0,1,17.22,21.21,71,30.0026
2012-03-31 20:00,2,0,0,2,16.4,20.455,71,22.0028
2012-03-31 21:00,2,0,0,2,16.4,20.455,71,22.0028
2012-03-31 22:00,2,0,0,2,15.58,19.695,71,16.9979
2012-03-31 23:00,2,0,0,2,14.76,16.665,76,19.0012
2012-04-20 0:00,2,0,1,1,19.68,23.485,67,7.0015
2012-04-20 1:00,2,0,1,1,18.86,22.725,82,12.998
2012-04-20 2:00,2,0,1,1,18.04,21.97,88,12.998
2012-04-20 3:00,2,0,1,1,18.04,21.97,88,7.0015
2012-04-20 4:00,2,0,1,1,17.22,21.21,94,7.0015
2012-04-20 5:00,2,0,1,1,17.22,21.21,94,0
2012-04-20 6:00,2,0,1,1,17.22,21.21,88,0
2012-04-20 7:00,2,0,1,1,17.22,21.21,94,0
2012-04-20 8:00,2,0,1,1,18.04,21.97,94,0
2012-04-20 9:00,2,0,1,1,18.86,22.725,88,6.0032
2012-04-20 10:00,2,0,1,1,20.5,24.24,77,12.998
2012-04-20 11:00,2,0,1,1,22.14,25.76,68,11.0014
2012-04-20 12:00,2,0,1,1,23.78,27.275,53,12.998
2012-04-20 13:00,2,0,1,1,25.42,31.06,43,12.998
2012-04-20 14:00,2,0,1,1,26.24,31.06,44,15.0013
2012-04-20 15:00,2,0,1,1,26.24,31.06,47,12.998
2012-04-20 16:00,2,0,1,1,27.06,31.06,44,12.998
2012-04-20 17:00,2,0,1,1,26.24,31.06,47,19.0012
2012-04-20 18:00,2,0,1,1,25.42,31.06,50,19.0012
2012-04-20 19:00,2,0,1,1,24.6,31.06,53,12.998
2012-04-20 20:00,2,0,1,1,23.78,27.275,56,11.0014
2012-04-20 21:00,2,0,1,1,22.96,26.515,68,8.9981
2012-04-20 22:00,2,0,1,1,22.14,25.76,68,16.9979
2012-04-20 23:00,2,0,1,1,21.32,25,72,8.9981
2012-04-21 0:00,2,0,0,1,21.32,25,77,15.0013
2012-04-21 1:00,2,0,0,1,21.32,25,77,15.0013
2012-04-21 2:00,2,0,0,1,21.32,25,77,8.9981
2012-04-21 3:00,2,0,0,1,20.5,24.24,82,15.0013
2012-04-21 4:00,2,0,0,1,20.5,24.24,82,16.9979
2012-04-21 5:00,2,0,0,1,20.5,24.24,82,16.9979
2012-04-21 6:00,2,0,0,1,20.5,24.24,82,15.0013
2012-04-21 7:00,2,0,0,1,20.5,24.24,82,19.0012
2012-04-21 8:00,2,0,0,1,21.32,25,81,16.9979
2012-04-21 9:00,2,0,0,1,22.14,25.76,77,11.0014
2012-04-21 10:00,2,0,0,1,24.6,30.305,64,19.0012
2012-04-21 11:00,2,0,0,1,25.42,30.305,61,22.0028
2012-04-21 12:00,2,0,0,1,26.24,31.06,57,15.0013
2012-04-21 13:00,2,0,0,1,27.06,31.06,54,15.0013
2012-04-21 14:00,2,0,0,1,28.7,31.82,45,19.0012
2012-04-21 15:00,2,0,0,1,29.52,32.575,39,16.9979
2012-04-21 16:00,2,0,0,1,28.7,31.82,42,22.0028
2012-04-21 17:00,2,0,0,2,30.34,32.575,30,26.0027
2012-04-21 18:00,2,0,0,2,27.88,31.82,47,32.9975
2012-04-21 19:00,2,0,0,3,22.96,26.515,73,32.9975
2012-04-21 20:00,2,0,0,3,20.5,24.24,82,19.9995
2012-04-21 21:00,2,0,0,3,20.5,24.24,82,26.0027
2012-04-21 22:00,2,0,0,1,19.68,23.485,82,19.9995
2012-04-21 23:00,2,0,0,2,18.86,22.725,82,19.0012
2012-04-22 0:00,2,0,0,2,18.86,22.725,82,12.998
2012-04-22 1:00,2,0,0,2,18.86,22.725,82,22.0028
2012-04-22 2:00,2,0,0,1,18.86,22.725,72,19.0012
2012-04-22 3:00,2,0,0,2,18.04,21.97,82,11.0014
2012-04-22 4:00,2,0,0,2,18.04,21.97,77,11.0014
2012-04-22 5:00,2,0,0,2,18.04,21.97,77,15.0013
2012-04-22 6:00,2,0,0,2,18.04,21.97,72,22.0028
2012-04-22 7:00,2,0,0,3,17.22,21.21,77,26.0027
2012-04-22 8:00,2,0,0,3,16.4,20.455,82,16.9979
2012-04-22 9:00,2,0,0,3,16.4,20.455,82,16.9979
2012-04-22 10:00,2,0,0,3,15.58,19.695,82,22.0028
2012-04-22 11:00,2,0,0,3,15.58,19.695,87,19.9995
2012-04-22 12:00,2,0,0,3,15.58,19.695,87,22.0028
2012-04-22 13:00,2,0,0,3,15.58,19.695,82,23.9994
2012-04-22 14:00,2,0,0,3,15.58,19.695,87,22.0028
2012-04-22 15:00,2,0,0,3,15.58,19.695,87,26.0027
2012-04-22 16:00,2,0,0,3,15.58,19.695,87,30.0026
2012-04-22 17:00,2,0,0,3,14.76,15.91,93,30.0026
2012-04-22 18:00,2,0,0,3,14.76,15.91,93,30.0026
2012-04-22 19:00,2,0,0,3,14.76,15.91,87,35.0008
2012-04-22 20:00,2,0,0,3,14.76,16.665,93,27.9993
2012-04-22 21:00,2,0,0,3,14.76,16.665,87,26.0027
2012-04-22 22:00,2,0,0,3,13.94,14.395,87,35.0008
2012-04-22 23:00,2,0,0,3,14.76,15.91,81,31.0009
2012-04-23 0:00,2,0,1,3,14.76,16.665,81,27.9993
2012-04-23 1:00,2,0,1,3,13.94,15.15,87,23.9994
2012-04-23 2:00,2,0,1,2,13.12,15.15,87,22.0028
2012-04-23 3:00,2,0,1,2,13.12,15.15,81,19.0012
2012-04-23 4:00,2,0,1,3,12.3,14.395,81,19.0012
2012-04-23 5:00,2,0,1,3,12.3,14.395,81,19.0012
2012-04-23 6:00,2,0,1,2,12.3,13.635,81,19.9995
2012-04-23 7:00,2,0,1,3,12.3,14.395,81,16.9979
2012-04-23 8:00,2,0,1,2,12.3,13.635,75,22.0028
2012-04-23 9:00,2,0,1,2,12.3,13.635,75,26.0027
2012-04-23 10:00,2,0,1,2,13.12,15.15,70,22.0028
2012-04-23 11:00,2,0,1,2,13.12,14.395,70,23.9994
2012-04-23 12:00,2,0,1,3,13.94,15.15,71,23.9994
2012-04-23 13:00,2,0,1,3,13.94,15.15,66,26.0027
2012-04-23 14:00,2,0,1,3,14.76,15.91,62,30.0026
2012-04-23 15:00,2,0,1,2,14.76,16.665,62,26.0027
2012-04-23 16:00,2,0,1,3,12.3,13.635,81,23.9994
2012-04-23 17:00,2,0,1,3,12.3,13.635,82,22.0028
2012-04-23 18:00,2,0,1,3,13.12,16.665,81,8.9981
2012-04-23 19:00,2,0,1,2,13.94,15.91,76,15.0013
2012-04-23 20:00,2,0,1,2,13.12,15.91,76,11.0014
2012-04-23 21:00,2,0,1,2,13.12,15.15,81,15.0013
2012-04-23 22:00,2,0,1,1,13.12,15.91,76,12.998
2012-04-23 23:00,2,0,1,1,13.12,15.91,76,11.0014
2012-04-24 0:00,2,0,1,2,13.12,16.665,76,8.9981
2012-04-24 1:00,2,0,1,2,13.12,16.665,81,8.9981
2012-04-24 2:00,2,0,1,1,13.12,15.91,81,12.998
2012-04-24 3:00,2,0,1,1,13.12,15.15,81,15.0013
2012-04-24 4:00,2,0,1,1,12.3,14.395,70,12.998
2012-04-24 5:00,2,0,1,1,12.3,14.395,70,12.998
2012-04-24 6:00,2,0,1,1,12.3,14.395,70,15.0013
2012-04-24 7:00,2,0,1,1,13.12,15.15,66,19.0012
2012-04-24 8:00,2,0,1,1,13.94,15.91,61,16.9979
2012-04-24 9:00,2,0,1,1,16.4,20.455,47,23.9994
2012-04-24 10:00,2,0,1,1,17.22,21.21,47,19.9995
2012-04-24 11:00,2,0,1,1,18.86,22.725,31,26.0027
2012-04-24 12:00,2,0,1,1,19.68,23.485,29,26.0027
2012-04-24 13:00,2,0,1,1,20.5,24.24,29,26.0027
2012-04-24 14:00,2,0,1,1,20.5,24.24,25,26.0027
2012-04-24 15:00,2,0,1,1,20.5,24.24,23,27.9993
2012-04-24 16:00,2,0,1,1,20.5,24.24,23,12.998
2012-04-24 17:00,2,0,1,1,21.32,25,22,26.0027
2012-04-24 18:00,2,0,1,1,20.5,24.24,18,0
2012-04-24 19:00,2,0,1,1,20.5,24.24,18,16.9979
2012-04-24 20:00,2,0,1,1,19.68,23.485,21,22.0028
2012-04-24 21:00,2,0,1,2,18.86,22.725,28,11.0014
2012-04-24 22:00,2,0,1,1,18.04,21.97,35,7.0015
2012-04-24 23:00,2,0,1,1,17.22,21.21,38,6.0032
2012-04-25 0:00,2,0,1,1,18.04,21.97,38,0
2012-04-25 1:00,2,0,1,1,17.22,21.21,41,0
2012-04-25 2:00,2,0,1,1,14.76,18.94,62,0
2012-04-25 3:00,2,0,1,1,13.12,16.665,70,6.0032
2012-04-25 4:00,2,0,1,1,13.94,17.425,66,6.0032
2012-04-25 5:00,2,0,1,1,13.94,18.18,66,0
2012-04-25 6:00,2,0,1,1,13.94,18.18,66,0
2012-04-25 7:00,2,0,1,1,13.94,18.18,71,0
2012-04-25 8:00,2,0,1,1,14.76,18.18,76,6.0032
2012-04-25 9:00,2,0,1,1,17.22,21.21,54,0
2012-04-25 10:00,2,0,1,1,21.32,25,34,0
2012-04-25 11:00,2,0,1,1,21.32,25,32,8.9981
2012-04-25 12:00,2,0,1,1,22.14,25.76,28,19.0012
2012-04-25 13:00,2,0,1,1,22.96,26.515,26,15.0013
2012-04-25 14:00,2,0,1,1,22.96,26.515,22,23.9994
2012-04-25 15:00,2,0,1,1,23.78,27.275,19,11.0014
2012-04-25 16:00,2,0,1,1,24.6,29.545,20,22.0028
2012-04-25 17:00,2,0,1,1,24.6,29.545,20,19.9995
2012-04-25 18:00,2,0,1,1,24.6,29.545,20,19.0012
2012-04-25 19:00,2,0,1,1,24.6,29.545,20,12.998
2012-04-25 20:00,2,0,1,1,22.96,26.515,22,6.0032
2012-04-25 21:00,2,0,1,1,21.32,25,52,8.9981
2012-04-25 22:00,2,0,1,1,20.5,24.24,51,0
2012-04-25 23:00,2,0,1,2,20.5,24.24,51,6.0032
2012-04-26 0:00,2,0,1,2,19.68,23.485,63,0
2012-04-26 1:00,2,0,1,2,19.68,23.485,48,6.0032
2012-04-26 2:00,2,0,1,2,19.68,23.485,55,7.0015
2012-04-26 3:00,2,0,1,2,19.68,23.485,55,6.0032
2012-04-26 4:00,2,0,1,2,19.68,23.485,59,6.0032
2012-04-26 5:00,2,0,1,2,19.68,23.485,63,8.9981
2012-04-26 6:00,2,0,1,2,19.68,23.485,63,16.9979
2012-04-26 7:00,2,0,1,3,18.86,22.725,82,23.9994
2012-04-26 8:00,2,0,1,3,18.86,22.725,82,12.998
2012-04-26 9:00,2,0,1,3,18.86,22.725,88,11.0014
2012-04-26 10:00,2,0,1,2,18.86,22.725,94,11.0014
2012-04-26 11:00,2,0,1,2,18.86,22.725,94,15.0013
2012-04-26 12:00,2,0,1,2,21.32,25,83,8.9981
2012-04-26 13:00,2,0,1,2,20.5,24.24,82,11.0014
2012-04-26 14:00,2,0,1,2,22.14,25.76,77,12.998
2012-04-26 15:00,2,0,1,2,21.32,25,83,22.0028
2012-04-26 16:00,2,0,1,2,21.32,25,83,15.0013
2012-04-26 17:00,2,0,1,1,22.14,25.76,77,11.0014
2012-04-26 18:00,2,0,1,2,22.14,25.76,77,12.998
2012-04-26 19:00,2,0,1,2,22.14,25.76,77,15.0013
2012-04-26 20:00,2,0,1,1,22.14,25.76,77,12.998
2012-04-26 21:00,2,0,1,1,21.32,25,83,15.0013
2012-04-26 22:00,2,0,1,1,21.32,25,83,11.0014
2012-04-26 23:00,2,0,1,1,20.5,24.24,88,11.0014
2012-04-27 0:00,2,0,1,1,22.14,25.76,68,36.9974
2012-04-27 1:00,2,0,1,1,20.5,24.24,59,30.0026
2012-04-27 2:00,2,0,1,1,19.68,23.485,59,27.9993
2012-04-27 3:00,2,0,1,1,18.04,21.97,47,32.9975
2012-04-27 4:00,2,0,1,1,17.22,21.21,44,16.9979
2012-04-27 5:00,2,0,1,1,17.22,21.21,44,23.9994
2012-04-27 6:00,2,0,1,1,16.4,20.455,43,16.9979
2012-04-27 7:00,2,0,1,1,15.58,19.695,50,19.0012
2012-04-27 8:00,2,0,1,1,16.4,20.455,50,0
2012-04-27 9:00,2,0,1,1,17.22,21.21,44,32.9975
2012-04-27 10:00,2,0,1,1,18.04,21.97,38,27.9993
2012-04-27 11:00,2,0,1,1,18.04,21.97,38,22.0028
2012-04-27 12:00,2,0,1,1,18.86,22.725,36,23.9994
2012-04-27 13:00,2,0,1,1,18.86,22.725,33,26.0027
2012-04-27 14:00,2,0,1,1,18.86,22.725,33,22.0028
2012-04-27 15:00,2,0,1,1,21.32,25,29,32.9975
2012-04-27 16:00,2,0,1,1,21.32,25,29,16.9979
2012-04-27 17:00,2,0,1,1,22.14,25.76,24,26.0027
2012-04-27 18:00,2,0,1,1,21.32,25,25,23.9994
2012-04-27 19:00,2,0,1,1,20.5,24.24,27,26.0027
2012-04-27 20:00,2,0,1,1,18.86,22.725,31,19.0012
2012-04-27 21:00,2,0,1,1,18.04,21.97,33,19.9995
2012-04-27 22:00,2,0,1,1,17.22,21.21,38,16.9979
2012-04-27 23:00,2,0,1,1,16.4,20.455,40,16.9979
2012-04-28 0:00,2,0,0,1,15.58,19.695,43,11.0014
2012-04-28 1:00,2,0,0,1,14.76,16.665,50,19.9995
2012-04-28 2:00,2,0,0,1,14.76,17.425,43,11.0014
2012-04-28 3:00,2,0,0,1,13.94,15.91,49,15.0013
2012-04-28 4:00,2,0,0,1,13.94,16.665,49,11.0014
2012-04-28 5:00,2,0,0,1,13.94,16.665,46,8.9981
2012-04-28 6:00,2,0,0,1,13.94,16.665,49,12.998
2012-04-28 7:00,2,0,0,1,13.94,16.665,49,11.0014
2012-04-28 8:00,2,0,0,1,15.58,19.695,40,8.9981
2012-04-28 9:00,2,0,0,2,15.58,19.695,37,0
2012-04-28 10:00,2,0,0,2,15.58,19.695,40,11.0014
2012-04-28 11:00,2,0,0,2,15.58,19.695,40,7.0015
2012-04-28 12:00,2,0,0,2,15.58,19.695,43,0
2012-04-28 13:00,2,0,0,2,16.4,20.455,37,0
2012-04-28 14:00,2,0,0,1,17.22,21.21,38,7.0015
2012-04-28 15:00,2,0,0,1,17.22,21.21,41,15.0013
2012-04-28 16:00,2,0,0,2,18.04,21.97,38,12.998
2012-04-28 17:00,2,0,0,2,17.22,21.21,41,8.9981
2012-04-28 18:00,2,0,0,3,16.4,20.455,47,0
2012-04-28 19:00,2,0,0,3,14.76,17.425,71,8.9981
2012-04-28 20:00,2,0,0,2,15.58,19.695,66,0
2012-04-28 21:00,2,0,0,3,14.76,17.425,71,12.998
2012-04-28 22:00,2,0,0,2,14.76,17.425,71,8.9981
2012-04-28 23:00,2,0,0,2,15.58,19.695,76,6.0032
2012-04-29 0:00,2,0,0,3,14.76,17.425,81,8.9981
2012-04-29 1:00,2,0,0,2,14.76,17.425,81,8.9981
2012-04-29 2:00,2,0,0,2,14.76,18.18,87,7.0015
2012-04-29 3:00,2,0,0,2,14.76,17.425,87,12.998
2012-04-29 4:00,2,0,0,2,14.76,17.425,87,8.9981
2012-04-29 5:00,2,0,0,1,13.94,18.18,87,0
2012-04-29 6:00,2,0,0,1,13.94,16.665,87,8.9981
2012-04-29 7:00,2,0,0,2,13.94,16.665,87,8.9981
2012-04-29 8:00,2,0,0,1,15.58,19.695,76,8.9981
2012-04-29 9:00,2,0,0,1,16.4,20.455,71,8.9981
2012-04-29 10:00,2,0,0,1,17.22,21.21,67,6.0032
2012-04-29 11:00,2,0,0,1,18.86,22.725,51,0
2012-04-29 12:00,2,0,0,1,19.68,23.485,44,7.0015
2012-04-29 13:00,2,0,0,1,20.5,24.24,45,7.0015
2012-04-29 14:00,2,0,0,1,22.14,25.76,34,0
2012-04-29 15:00,2,0,0,1,22.96,26.515,37,8.9981
2012-04-29 16:00,2,0,0,1,24.6,30.305,28,12.998
2012-04-29 17:00,2,0,0,1,25.42,30.305,27,19.9995
2012-04-29 18:00,2,0,0,1,24.6,30.305,26,19.0012
2012-04-29 19:00,2,0,0,1,22.96,26.515,35,8.9981
2012-04-29 20:00,2,0,0,1,22.96,26.515,32,6.0032
2012-04-29 21:00,2,0,0,1,21.32,25,48,8.9981
2012-04-29 22:00,2,0,0,1,20.5,24.24,45,0
2012-04-29 23:00,2,0,0,1,19.68,23.485,59,0
2012-04-30 0:00,2,0,1,1,18.04,21.97,72,7.0015
2012-04-30 1:00,2,0,1,1,17.22,21.21,77,6.0032
2012-04-30 2:00,2,0,1,1,17.22,21.21,71,8.9981
2012-04-30 3:00,2,0,1,1,16.4,20.455,76,11.0014
2012-04-30 4:00,2,0,1,1,15.58,19.695,62,16.9979
2012-04-30 5:00,2,0,1,1,15.58,19.695,62,16.9979
2012-04-30 6:00,2,0,1,1,16.4,20.455,47,12.998
2012-04-30 7:00,2,0,1,1,16.4,20.455,50,12.998
2012-04-30 8:00,2,0,1,1,16.4,20.455,43,12.998
2012-04-30 9:00,2,0,1,2,16.4,20.455,43,12.998
2012-04-30 10:00,2,0,1,2,17.22,21.21,41,11.0014
2012-04-30 11:00,2,0,1,2,18.04,21.97,44,7.0015
2012-04-30 12:00,2,0,1,2,18.04,21.97,47,8.9981
2012-04-30 13:00,2,0,1,2,19.68,23.485,51,6.0032
2012-04-30 14:00,2,0,1,2,20.5,24.24,55,8.9981
2012-04-30 15:00,2,0,1,2,21.32,25,55,7.0015
2012-04-30 16:00,2,0,1,1,22.96,26.515,60,12.998
2012-04-30 17:00,2,0,1,1,22.96,26.515,60,11.0014
2012-04-30 18:00,2,0,1,2,22.96,26.515,60,15.0013
2012-04-30 19:00,2,0,1,2,22.14,25.76,64,16.9979
2012-04-30 20:00,2,0,1,2,21.32,25,59,12.998
2012-04-30 21:00,2,0,1,2,21.32,25,59,12.998
2012-04-30 22:00,2,0,1,2,21.32,25,55,11.0014
2012-04-30 23:00,2,0,1,2,21.32,25,55,15.0013
2012-05-20 0:00,2,0,0,1,23.78,27.275,53,7.0015
2012-05-20 1:00,2,0,0,1,22.96,26.515,52,0
2012-05-20 2:00,2,0,0,1,22.96,26.515,52,0
2012-05-20 3:00,2,0,0,1,22.14,25.76,56,6.0032
2012-05-20 4:00,2,0,0,1,21.32,25,68,6.0032
2012-05-20 5:00,2,0,0,1,20.5,24.24,72,7.0015
2012-05-20 6:00,2,0,0,1,20.5,24.24,63,8.9981
2012-05-20 7:00,2,0,0,1,21.32,25,68,12.998
2012-05-20 8:00,2,0,0,1,22.96,26.515,56,11.0014
2012-05-20 9:00,2,0,0,1,25.42,31.06,32,16.9979
2012-05-20 10:00,2,0,0,1,27.06,31.06,34,19.9995
2012-05-20 11:00,2,0,0,1,27.06,31.06,36,22.0028
2012-05-20 12:00,2,0,0,1,27.88,31.82,36,22.0028
2012-05-20 13:00,2,0,0,1,28.7,31.82,37,19.0012
2012-05-20 14:00,2,0,0,1,29.52,32.575,39,26.0027
2012-05-20 15:00,2,0,0,2,28.7,31.82,39,27.9993
2012-05-20 16:00,2,0,0,1,29.52,32.575,42,23.9994
2012-05-20 17:00,2,0,0,1,29.52,32.575,45,22.0028
2012-05-20 18:00,2,0,0,1,28.7,32.575,51,22.0028
2012-05-20 19:00,2,0,0,1,27.06,31.06,61,27.9993
2012-05-20 20:00,2,0,0,1,27.06,31.06,61,27.9993
2012-05-20 21:00,2,0,0,1,26.24,30.305,69,26.0027
2012-05-20 22:00,2,0,0,1,25.42,29.545,73,22.0028
2012-05-20 23:00,2,0,0,3,24.6,28.79,78,23.9994
2012-05-21 0:00,2,0,1,3,23.78,27.275,88,19.9995
2012-05-21 1:00,2,0,1,3,23.78,27.275,88,23.9994
2012-05-21 2:00,2,0,1,3,22.96,26.515,94,16.9979
2012-05-21 3:00,2,0,1,2,22.96,26.515,88,19.9995
2012-05-21 4:00,2,0,1,3,22.96,26.515,88,19.9995
2012-05-21 5:00,2,0,1,3,22.96,26.515,88,19.9995
2012-05-21 6:00,2,0,1,3,22.96,26.515,88,19.9995
2012-05-21 7:00,2,0,1,3,22.96,26.515,88,19.9995
2012-05-21 8:00,2,0,1,3,22.96,26.515,88,16.9979
2012-05-21 9:00,2,0,1,3,22.96,26.515,88,15.0013
2012-05-21 10:00,2,0,1,3,23.78,27.275,88,19.0012
2012-05-21 11:00,2,0,1,2,24.6,28.03,83,11.0014
2012-05-21 12:00,2,0,1,2,24.6,28.03,83,16.9979
2012-05-21 13:00,2,0,1,3,24.6,28.03,83,16.9979
2012-05-21 14:00,2,0,1,3,24.6,28.03,83,12.998
2012-05-21 15:00,2,0,1,2,26.24,30.305,73,12.998
2012-05-21 16:00,2,0,1,2,26.24,30.305,73,16.9979
2012-05-21 17:00,2,0,1,2,27.06,31.06,69,16.9979
2012-05-21 18:00,2,0,1,1,26.24,30.305,73,7.0015
2012-05-21 19:00,2,0,1,1,27.06,31.06,69,6.0032
2012-05-21 20:00,2,0,1,1,26.24,30.305,69,8.9981
2012-05-21 21:00,2,0,1,1,25.42,30.305,69,6.0032
2012-05-21 22:00,2,0,1,2,25.42,29.545,73,11.0014
2012-05-21 23:00,2,0,1,1,25.42,29.545,73,19.0012
2012-05-22 0:00,2,0,1,1,23.78,27.275,83,16.9979
2012-05-22 1:00,2,0,1,2,23.78,27.275,83,8.9981
2012-05-22 2:00,2,0,1,2,23.78,27.275,83,7.0015
2012-05-22 3:00,2,0,1,2,23.78,27.275,83,7.0015
2012-05-22 4:00,2,0,1,2,22.96,26.515,88,11.0014
2012-05-22 5:00,2,0,1,3,22.96,26.515,88,12.998
2012-05-22 6:00,2,0,1,3,22.96,26.515,88,7.0015
2012-05-22 7:00,2,0,1,3,22.96,26.515,88,7.0015
2012-05-22 8:00,2,0,1,2,22.96,26.515,88,8.9981
2012-05-22 9:00,2,0,1,2,24.6,28.03,83,7.0015
2012-05-22 10:00,2,0,1,2,24.6,28.79,78,6.0032
2012-05-22 11:00,2,0,1,2,24.6,28.79,78,0
2012-05-22 12:00,2,0,1,2,25.42,29.545,78,7.0015
2012-05-22 13:00,2,0,1,2,26.24,30.305,73,0
2012-05-22 14:00,2,0,1,2,26.24,30.305,73,7.0015
2012-05-22 15:00,2,0,1,1,28.7,32.575,61,6.0032
2012-05-22 16:00,2,0,1,1,27.88,31.82,61,7.0015
2012-05-22 17:00,2,0,1,1,29.52,33.335,54,0
2012-05-22 18:00,2,0,1,1,27.88,31.82,61,8.9981
2012-05-22 19:00,2,0,1,1,27.06,31.06,69,15.0013
2012-05-22 20:00,2,0,1,1,26.24,30.305,73,16.9979
2012-05-22 21:00,2,0,1,1,25.42,29.545,78,8.9981
2012-05-22 22:00,2,0,1,1,25.42,29.545,73,6.0032
2012-05-22 23:00,2,0,1,1,25.42,29.545,73,7.0015
2012-05-23 0:00,2,0,1,1,25.42,29.545,78,8.9981
2012-05-23 1:00,2,0,1,1,24.6,28.03,83,11.0014
2012-05-23 2:00,2,0,1,2,24.6,28.03,83,11.0014
2012-05-23 3:00,2,0,1,1,24.6,28.79,78,7.0015
2012-05-23 4:00,2,0,1,3,23.78,27.275,83,12.998
2012-05-23 5:00,2,0,1,3,22.96,26.515,88,16.9979
2012-05-23 6:00,2,0,1,1,22.96,26.515,88,7.0015
2012-05-23 7:00,2,0,1,1,23.78,27.275,83,0
2012-05-23 8:00,2,0,1,1,23.78,27.275,83,0
2012-05-23 9:00,2,0,1,2,25.42,29.545,78,0
2012-05-23 10:00,2,0,1,1,25.42,29.545,78,6.0032
2012-05-23 11:00,2,0,1,1,26.24,30.305,73,0
2012-05-23 12:00,2,0,1,2,27.06,31.06,69,6.0032
2012-05-23 13:00,2,0,1,2,27.06,31.06,74,11.0014
2012-05-23 14:00,2,0,1,1,27.88,31.82,65,8.9981
2012-05-23 15:00,2,0,1,2,28.7,32.575,61,0
2012-05-23 16:00,2,0,1,3,28.7,32.575,61,6.0032
2012-05-23 17:00,2,0,1,3,26.24,30.305,69,7.0015
2012-05-23 18:00,2,0,1,3,26.24,30.305,69,7.0015
2012-05-23 19:00,2,0,1,2,25.42,28.79,83,11.0014
2012-05-23 20:00,2,0,1,2,25.42,28.79,83,6.0032
2012-05-23 21:00,2,0,1,2,25.42,28.79,83,0
2012-05-23 22:00,2,0,1,2,25.42,28.79,83,11.0014
2012-05-23 23:00,2,0,1,1,24.6,28.03,83,8.9981
2012-05-24 0:00,2,0,1,1,24.6,28.03,83,6.0032
2012-05-24 1:00,2,0,1,1,24.6,27.275,88,6.0032
2012-05-24 2:00,2,0,1,1,24.6,27.275,88,0
2012-05-24 3:00,2,0,1,2,24.6,27.275,88,7.0015
2012-05-24 4:00,2,0,1,2,24.6,27.275,88,11.0014
2012-05-24 5:00,2,0,1,2,24.6,27.275,88,11.0014
2012-05-24 6:00,2,0,1,2,24.6,27.275,88,11.0014
2012-05-24 7:00,2,0,1,1,24.6,28.03,83,7.0015
2012-05-24 8:00,2,0,1,1,25.42,29.545,73,8.9981
2012-05-24 9:00,2,0,1,1,25.42,29.545,73,11.0014
2012-05-24 10:00,2,0,1,1,26.24,30.305,65,8.9981
2012-05-24 11:00,2,0,1,1,27.06,31.06,65,8.9981
2012-05-24 12:00,2,0,1,1,28.7,32.575,58,7.0015
2012-05-24 13:00,2,0,1,1,29.52,33.335,54,11.0014
2012-05-24 14:00,2,0,1,1,30.34,34.09,55,15.0013
2012-05-24 15:00,2,0,1,1,30.34,34.09,55,16.9979
2012-05-24 16:00,2,0,1,1,30.34,34.09,55,23.9994
2012-05-24 17:00,2,0,1,1,30.34,34.09,55,19.0012
2012-05-24 18:00,2,0,1,1,29.52,33.335,54,22.0028
2012-05-24 19:00,2,0,1,1,28.7,32.575,61,19.9995
2012-05-24 20:00,2,0,1,2,27.06,31.06,69,19.0012
2012-05-24 21:00,2,0,1,3,26.24,29.545,78,11.0014
2012-05-24 22:00,2,0,1,2,26.24,29.545,78,7.0015
2012-05-24 23:00,2,0,1,2,26.24,29.545,78,8.9981
2012-05-25 0:00,2,0,1,1,25.42,28.79,83,8.9981
2012-05-25 1:00,2,0,1,1,25.42,28.79,83,6.0032
2012-05-25 2:00,2,0,1,2,25.42,28.79,83,0
2012-05-25 3:00,2,0,1,2,25.42,28.03,88,7.0015
2012-05-25 4:00,2,0,1,2,25.42,28.03,88,0
2012-05-25 5:00,2,0,1,2,25.42,28.03,88,6.0032
2012-05-25 6:00,2,0,1,2,25.42,28.03,88,7.0015
2012-05-25 7:00,2,0,1,2,25.42,28.03,88,11.0014
2012-05-25 8:00,2,0,1,2,26.24,28.79,89,7.0015
2012-05-25 9:00,2,0,1,2,26.24,28.79,89,8.9981
2012-05-25 10:00,2,0,1,1,27.88,31.82,79,11.0014
2012-05-25 11:00,2,0,1,1,27.88,31.82,79,8.9981
2012-05-25 12:00,2,0,1,1,29.52,34.09,66,7.0015
2012-05-25 13:00,2,0,1,1,30.34,34.09,62,8.9981
2012-05-25 14:00,2,0,1,1,30.34,34.09,58,8.9981
2012-05-25 15:00,2,0,1,1,31.16,35.605,62,12.998
2012-05-25 16:00,2,0,1,1,31.98,35.605,52,15.0013
2012-05-25 17:00,2,0,1,1,31.16,35.605,62,19.0012
2012-05-25 18:00,2,0,1,1,31.16,35.605,62,12.998
2012-05-25 19:00,2,0,1,1,30.34,34.09,62,16.9979
2012-05-25 20:00,2,0,1,1,28.7,32.575,65,11.0014
2012-05-25 21:00,2,0,1,1,28.7,32.575,65,8.9981
2012-05-25 22:00,2,0,1,1,27.06,31.06,74,7.0015
2012-05-25 23:00,2,0,1,1,27.06,30.305,78,15.0013
2012-05-26 0:00,2,0,0,1,26.24,28.79,83,11.0014
2012-05-26 1:00,2,0,0,1,26.24,28.79,83,8.9981
2012-05-26 2:00,2,0,0,1,26.24,28.79,89,8.9981
2012-05-26 3:00,2,0,0,1,25.42,28.03,88,7.0015
2012-05-26 4:00,2,0,0,1,25.42,28.03,88,8.9981
2012-05-26 5:00,2,0,0,1,25.42,28.79,83,16.9979
2012-05-26 6:00,2,0,0,1,25.42,28.03,88,12.998
2012-05-26 7:00,2,0,0,2,25.42,28.03,88,11.0014
2012-05-26 8:00,2,0,0,1,26.24,29.545,78,8.9981
2012-05-26 9:00,2,0,0,1,26.24,28.79,83,12.998
2012-05-26 10:00,2,0,0,1,27.88,31.82,79,15.0013
2012-05-26 11:00,2,0,0,1,28.7,33.335,74,12.998
2012-05-26 12:00,2,0,0,1,30.34,34.85,66,15.0013
2012-05-26 13:00,2,0,0,1,31.16,36.365,66,12.998
2012-05-26 14:00,2,0,0,1,31.16,36.365,66,15.0013
2012-05-26 15:00,2,0,0,1,31.16,36.365,66,19.0012
2012-05-26 16:00,2,0,0,1,31.98,36.365,55,16.9979
2012-05-26 17:00,2,0,0,2,31.98,35.605,52,16.9979
2012-05-26 18:00,2,0,0,2,31.16,34.85,52,12.998
2012-05-26 19:00,2,0,0,2,30.34,34.85,66,15.0013
2012-05-26 20:00,2,0,0,2,30.34,34.09,55,12.998
2012-05-26 21:00,2,0,0,2,29.52,34.09,62,12.998
2012-05-26 22:00,2,0,0,1,28.7,33.335,74,16.9979
2012-05-26 23:00,2,0,0,1,28.7,33.335,74,16.9979
2012-05-27 0:00,2,0,0,2,27.88,31.82,69,11.0014
2012-05-27 1:00,2,0,0,1,27.06,31.06,74,15.0013
2012-05-27 2:00,2,0,0,1,26.24,30.305,73,15.0013
2012-05-27 3:00,2,0,0,1,26.24,30.305,73,11.0014
2012-05-27 4:00,2,0,0,1,25.42,28.79,83,12.998
2012-05-27 5:00,2,0,0,1,25.42,28.79,83,12.998
2012-05-27 6:00,2,0,0,1,25.42,28.79,83,11.0014
2012-05-27 7:00,2,0,0,1,25.42,28.03,88,11.0014
2012-05-27 8:00,2,0,0,1,26.24,28.79,83,12.998
2012-05-27 9:00,2,0,0,1,27.06,30.305,83,15.0013
2012-05-27 10:00,2,0,0,1,27.88,31.82,74,16.9979
2012-05-27 11:00,2,0,0,1,29.52,34.09,66,15.0013
2012-05-27 12:00,2,0,0,1,30.34,34.85,66,16.9979
2012-05-27 13:00,2,0,0,1,31.16,35.605,58,12.998
2012-05-27 14:00,2,0,0,1,31.16,35.605,58,16.9979
2012-05-27 15:00,2,0,0,1,31.98,35.605,52,19.0012
2012-05-27 16:00,2,0,0,1,31.98,35.605,52,19.0012
2012-05-27 17:00,2,0,0,1,31.98,35.605,49,19.9995
2012-05-27 18:00,2,0,0,1,31.16,35.605,58,19.9995
2012-05-27 19:00,2,0,0,1,31.16,35.605,58,12.998
2012-05-27 20:00,2,0,0,1,30.34,34.09,55,11.0014
2012-05-27 21:00,2,0,0,3,27.06,31.06,69,27.9993
2012-05-27 22:00,2,0,0,3,25.42,28.79,83,0
2012-05-27 23:00,2,0,0,3,25.42,28.79,83,8.9981
2012-05-28 0:00,2,1,0,1,25.42,28.79,83,15.0013
2012-05-28 1:00,2,1,0,2,25.42,29.545,78,19.9995
2012-05-28 2:00,2,1,0,1,24.6,28.03,83,15.0013
2012-05-28 3:00,2,1,0,1,25.42,29.545,73,11.0014
2012-05-28 4:00,2,1,0,1,24.6,28.79,78,8.9981
2012-05-28 5:00,2,1,0,1,24.6,28.79,78,8.9981
2012-05-28 6:00,2,1,0,1,25.42,29.545,73,11.0014
2012-05-28 7:00,2,1,0,1,25.42,29.545,78,7.0015
2012-05-28 8:00,2,1,0,1,27.06,31.06,69,0
2012-05-28 9:00,2,1,0,1,28.7,32.575,61,0
2012-05-28 10:00,2,1,0,1,28.7,32.575,61,0
2012-05-28 11:00,2,1,0,1,29.52,34.09,66,8.9981
2012-05-28 12:00,2,1,0,1,31.16,35.605,62,8.9981
2012-05-28 13:00,2,1,0,1,32.8,39.395,63,19.0012
2012-05-28 14:00,2,1,0,1,32.8,39.395,63,19.0012
2012-05-28 15:00,2,1,0,1,33.62,39.395,56,19.9995
2012-05-28 16:00,2,1,0,1,33.62,39.395,56,22.0028
2012-05-28 17:00,2,1,0,1,33.62,39.395,56,19.9995
2012-05-28 18:00,2,1,0,1,32.8,38.635,59,19.9995
2012-05-28 19:00,2,1,0,1,32.8,37.88,55,19.9995
2012-05-28 20:00,2,1,0,1,31.98,37.12,62,19.9995
2012-05-28 21:00,2,1,0,1,31.16,36.365,66,19.0012
2012-05-28 22:00,2,1,0,1,30.34,34.85,70,11.0014
2012-05-28 23:00,2,1,0,1,29.52,34.85,74,11.0014
2012-05-29 0:00,2,0,1,1,28.7,33.335,79,12.998
2012-05-29 1:00,2,0,1,1,28.7,33.335,79,12.998
2012-05-29 2:00,2,0,1,1,27.88,31.82,83,8.9981
2012-05-29 3:00,2,0,1,1,27.88,31.82,79,19.0012
2012-05-29 4:00,2,0,1,1,27.06,30.305,78,15.0013
2012-05-29 5:00,2,0,1,1,27.06,30.305,78,15.0013
2012-05-29 6:00,2,0,1,1,27.06,30.305,78,15.0013
2012-05-29 7:00,2,0,1,1,27.06,30.305,78,15.0013
2012-05-29 8:00,2,0,1,1,28.7,33.335,74,12.998
2012-05-29 9:00,2,0,1,1,29.52,34.09,70,16.9979
2012-05-29 10:00,2,0,1,1,30.34,34.85,70,19.9995
2012-05-29 11:00,2,0,1,1,31.16,35.605,62,19.9995
2012-05-29 12:00,2,0,1,1,32.8,37.88,55,22.0028
2012-05-29 13:00,2,0,1,1,33.62,38.635,52,26.0027
2012-05-29 14:00,2,0,1,1,33.62,38.635,52,27.9993
2012-05-29 15:00,2,0,1,1,33.62,38.635,49,26.0027
2012-05-29 16:00,2,0,1,1,33.62,38.635,49,32.9975
2012-05-29 17:00,2,0,1,1,33.62,37.88,46,27.9993
2012-05-29 18:00,2,0,1,1,32.8,37.12,49,32.9975
2012-05-29 19:00,2,0,1,1,31.98,35.605,52,23.9994
2012-05-29 20:00,2,0,1,3,28.7,32.575,61,35.0008
2012-05-29 21:00,2,0,1,3,24.6,27.275,88,30.0026
2012-05-29 22:00,2,0,1,2,25.42,28.03,88,6.0032
2012-05-29 23:00,2,0,1,3,25.42,27.275,94,0
2012-05-30 0:00,2,0,1,3,26.24,28.79,89,7.0015
2012-05-30 1:00,2,0,1,3,26.24,28.79,89,12.998
2012-05-30 2:00,2,0,1,3,25.42,27.275,94,6.0032
2012-05-30 3:00,2,0,1,3,25.42,28.03,88,8.9981
2012-05-30 4:00,2,0,1,2,25.42,28.03,88,8.9981
2012-05-30 5:00,2,0,1,2,25.42,29.545,78,8.9981
2012-05-30 6:00,2,0,1,2,24.6,28.79,78,7.0015
2012-05-30 7:00,2,0,1,3,24.6,28.79,78,12.998
2012-05-30 8:00,2,0,1,2,24.6,29.545,73,11.0014
2012-05-30 9:00,2,0,1,2,25.42,30.305,69,12.998
2012-05-30 10:00,2,0,1,2,25.42,30.305,69,19.0012
2012-05-30 11:00,2,0,1,2,27.06,31.06,65,12.998
2012-05-30 12:00,2,0,1,1,28.7,32.575,54,0
2012-05-30 13:00,2,0,1,1,28.7,32.575,51,0
2012-05-30 14:00,2,0,1,1,29.52,32.575,42,8.9981
2012-05-30 15:00,2,0,1,1,29.52,33.335,51,8.9981
2012-05-30 16:00,2,0,1,1,29.52,33.335,51,11.0014
2012-05-30 17:00,2,0,1,1,30.34,33.335,48,6.0032
2012-05-30 18:00,2,0,1,1,30.34,33.335,48,11.0014
2012-05-30 19:00,2,0,1,1,29.52,33.335,54,11.0014
2012-05-30 20:00,2,0,1,2,22.14,25.76,60,8.9981
2012-05-30 21:00,2,0,1,1,27.88,31.82,57,7.0015
2012-05-30 22:00,2,0,1,1,27.06,31.06,69,7.0015
2012-05-30 23:00,2,0,1,1,27.06,31.06,65,7.0015
2012-05-31 0:00,2,0,1,1,26.24,30.305,69,8.9981
2012-05-31 1:00,2,0,1,1,26.24,30.305,69,6.0032
2012-05-31 2:00,2,0,1,1,26.24,30.305,65,6.0032
2012-05-31 3:00,2,0,1,1,25.42,30.305,69,6.0032
2012-05-31 4:00,2,0,1,1,25.42,30.305,69,0
2012-05-31 5:00,2,0,1,1,25.42,30.305,69,16.9979
2012-05-31 6:00,2,0,1,1,24.6,29.545,73,15.0013
2012-05-31 7:00,2,0,1,1,24.6,30.305,64,19.0012
2012-05-31 8:00,2,0,1,1,25.42,31.06,57,16.9979
2012-05-31 9:00,2,0,1,1,27.06,31.06,47,16.9979
2012-05-31 10:00,2,0,1,1,28.7,31.82,39,26.0027
2012-05-31 11:00,2,0,1,1,29.52,32.575,37,19.0012
2012-05-31 12:00,2,0,1,1,29.52,32.575,37,12.998
2012-05-31 13:00,2,0,1,1,30.34,32.575,35,8.9981
2012-05-31 14:00,2,0,1,1,31.16,33.335,31,12.998
2012-05-31 15:00,2,0,1,1,31.16,33.335,33,19.9995
2012-05-31 16:00,2,0,1,1,31.16,33.335,33,19.0012
2012-05-31 17:00,2,0,1,1,31.16,33.335,31,11.0014
2012-05-31 18:00,2,0,1,1,30.34,32.575,30,12.998
2012-05-31 19:00,2,0,1,1,29.52,32.575,34,11.0014
2012-05-31 20:00,2,0,1,1,27.88,31.82,44,11.0014
2012-05-31 21:00,2,0,1,1,27.88,31.82,44,11.0014
2012-05-31 22:00,2,0,1,1,27.06,31.06,50,11.0014
2012-05-31 23:00,2,0,1,1,27.06,31.06,54,15.0013
2012-06-20 0:00,2,0,1,1,28.7,33.335,79,12.998
2012-06-20 1:00,2,0,1,1,27.88,31.82,79,12.998
2012-06-20 2:00,2,0,1,1,27.06,30.305,83,11.0014
2012-06-20 3:00,2,0,1,1,27.06,30.305,83,8.9981
2012-06-20 4:00,2,0,1,1,27.06,30.305,83,6.0032
2012-06-20 5:00,2,0,1,1,27.06,30.305,83,6.0032
2012-06-20 6:00,2,0,1,2,26.24,28.79,89,6.0032
2012-06-20 7:00,2,0,1,2,27.06,29.545,89,0
2012-06-20 8:00,2,0,1,2,28.7,33.335,79,7.0015
2012-06-20 9:00,2,0,1,2,29.52,34.85,74,0
2012-06-20 10:00,2,0,1,1,33.62,38.635,52,8.9981
2012-06-20 11:00,2,0,1,1,34.44,39.395,49,12.998
2012-06-20 12:00,2,0,1,1,35.26,40.15,47,11.0014
2012-06-20 13:00,2,0,1,1,35.26,39.395,44,7.0015
2012-06-20 14:00,2,0,1,1,36.08,40.15,39,12.998
2012-06-20 15:00,2,0,1,1,36.9,40.91,35,0
2012-06-20 16:00,2,0,1,1,36.9,40.91,35,7.0015
2012-06-20 17:00,2,0,1,1,36.9,40.91,37,0
2012-06-20 18:00,2,0,1,1,36.9,40.91,37,0
2012-06-20 19:00,2,0,1,1,36.08,39.395,37,16.9979
2012-06-20 20:00,2,0,1,1,35.26,38.635,39,15.0013
2012-06-20 21:00,2,0,1,1,34.44,37.88,44,6.0032
2012-06-20 22:00,2,0,1,1,33.62,37.88,46,7.0015
2012-06-20 23:00,2,0,1,1,31.98,37.12,59,7.0015
2012-06-21 0:00,3,0,1,1,30.34,34.85,70,6.0032
2012-06-21 1:00,3,0,1,1,29.52,34.85,79,8.9981
2012-06-21 2:00,3,0,1,1,29.52,34.85,79,7.0015
2012-06-21 3:00,3,0,1,1,29.52,34.85,74,0
2012-06-21 4:00,3,0,1,1,28.7,33.335,84,6.0032
2012-06-21 5:00,3,0,1,1,28.7,33.335,84,7.0015
2012-06-21 6:00,3,0,1,2,28.7,33.335,84,6.0032
2012-06-21 7:00,3,0,1,2,28.7,33.335,84,6.0032
2012-06-21 8:00,3,0,1,1,30.34,34.85,70,0
2012-06-21 9:00,3,0,1,1,32.8,37.88,55,12.998
2012-06-21 10:00,3,0,1,1,34.44,39.395,49,7.0015
2012-06-21 11:00,3,0,1,1,35.26,39.395,41,8.9981
2012-06-21 12:00,3,0,1,1,36.9,40.91,35,12.998
2012-06-21 13:00,3,0,1,1,36.9,40.91,35,0
2012-06-21 14:00,3,0,1,1,36.08,39.395,37,11.0014
2012-06-21 15:00,3,0,1,1,37.72,41.665,33,11.0014
2012-06-21 16:00,3,0,1,1,36.9,40.91,35,8.9981
2012-06-21 17:00,3,0,1,1,36.08,39.395,37,0
2012-06-21 18:00,3,0,1,1,35.26,39.395,41,12.998
2012-06-21 19:00,3,0,1,1,36.08,40.15,39,15.0013
2012-06-21 20:00,3,0,1,1,35.26,39.395,44,12.998
2012-06-21 21:00,3,0,1,1,33.62,38.635,52,12.998
2012-06-21 22:00,3,0,1,1,32.8,39.395,63,11.0014
2012-06-21 23:00,3,0,1,1,32.8,38.635,59,6.0032
2012-06-22 0:00,3,0,1,2,31.16,36.365,70,7.0015
2012-06-22 1:00,3,0,1,1,31.16,37.12,75,11.0014
2012-06-22 2:00,3,0,1,1,30.34,35.605,79,0
2012-06-22 3:00,3,0,1,1,30.34,35.605,79,0
2012-06-22 4:00,3,0,1,2,31.16,36.365,66,0
2012-06-22 5:00,3,0,1,2,30.34,34.85,66,6.0032
2012-06-22 6:00,3,0,1,2,30.34,34.85,66,0
2012-06-22 7:00,3,0,1,1,30.34,34.09,58,11.0014
2012-06-22 8:00,3,0,1,1,31.16,34.85,55,8.9981
2012-06-22 9:00,3,0,1,1,31.16,35.605,58,15.0013
2012-06-22 10:00,3,0,1,1,32.8,37.12,52,23.9994
2012-06-22 11:00,3,0,1,1,32.8,37.12,49,11.0014
2012-06-22 12:00,3,0,1,1,34.44,39.395,49,8.9981
2012-06-22 13:00,3,0,1,1,36.08,40.15,39,15.0013
2012-06-22 14:00,3,0,1,1,36.08,40.15,39,15.0013
2012-06-22 15:00,3,0,1,1,36.9,40.91,35,23.9994
2012-06-22 16:00,3,0,1,1,36.9,40.15,31,15.0013
2012-06-22 17:00,3,0,1,2,33.62,36.365,38,11.0014
2012-06-22 18:00,3,0,1,2,32.8,37.88,55,12.998
2012-06-22 19:00,3,0,1,2,31.16,34.85,55,35.0008
2012-06-22 20:00,3,0,1,2,31.16,34.85,55,35.0008
2012-06-22 21:00,3,0,1,3,27.88,31.82,65,19.0012
2012-06-22 22:00,3,0,1,1,27.88,31.82,69,8.9981
2012-06-22 23:00,3,0,1,2,27.06,31.06,74,0
2012-06-23 0:00,3,0,0,1,26.24,28.79,83,0
2012-06-23 1:00,3,0,0,1,27.06,30.305,78,8.9981
2012-06-23 2:00,3,0,0,2,26.24,28.79,83,12.998
2012-06-23 3:00,3,0,0,2,26.24,28.79,83,6.0032
2012-06-23 4:00,3,0,0,2,26.24,28.79,83,11.0014
2012-06-23 5:00,3,0,0,2,26.24,28.79,83,12.998
2012-06-23 6:00,3,0,0,1,26.24,28.79,83,6.0032
2012-06-23 7:00,3,0,0,1,26.24,28.79,83,11.0014
2012-06-23 8:00,3,0,0,1,27.88,31.82,69,15.0013
2012-06-23 9:00,3,0,0,1,29.52,34.09,62,12.998
2012-06-23 10:00,3,0,0,1,30.34,34.09,55,12.998
2012-06-23 11:00,3,0,0,1,31.16,34.09,48,15.0013
2012-06-23 12:00,3,0,0,1,32.8,36.365,43,12.998
2012-06-23 13:00,3,0,0,1,33.62,36.365,34,12.998
2012-06-23 14:00,3,0,0,1,31.98,34.09,33,16.9979
2012-06-23 15:00,3,0,0,1,34.44,36.365,30,22.0028
2012-06-23 16:00,3,0,0,1,34.44,35.605,26,19.9995
2012-06-23 17:00,3,0,0,1,33.62,35.605,26,16.9979
2012-06-23 18:00,3,0,0,1,33.62,35.605,26,19.9995
2012-06-23 19:00,3,0,0,1,32.8,34.85,27,12.998
2012-06-23 20:00,3,0,0,1,31.98,34.09,31,12.998
2012-06-23 21:00,3,0,0,1,31.16,33.335,33,8.9981
2012-06-23 22:00,3,0,0,1,30.34,32.575,37,7.0015
2012-06-23 23:00,3,0,0,1,29.52,32.575,44,0
2012-06-24 0:00,3,0,0,1,28.7,32.575,51,0
2012-06-24 1:00,3,0,0,2,27.88,31.82,54,6.0032
2012-06-24 2:00,3,0,0,2,27.88,31.82,51,0
2012-06-24 3:00,3,0,0,2,27.06,31.06,65,6.0032
2012-06-24 4:00,3,0,0,2,27.06,31.06,65,0
2012-06-24 5:00,3,0,0,1,25.42,30.305,69,8.9981
2012-06-24 6:00,3,0,0,1,26.24,30.305,65,11.0014
2012-06-24 7:00,3,0,0,1,26.24,30.305,69,7.0015
2012-06-24 8:00,3,0,0,1,28.7,32.575,58,0
2012-06-24 9:00,3,0,0,1,29.52,33.335,51,0
2012-06-24 10:00,3,0,0,1,31.16,34.09,40,0
2012-06-24 11:00,3,0,0,1,31.16,34.09,40,8.9981
2012-06-24 12:00,3,0,0,1,32.8,34.85,33,15.0013
2012-06-24 13:00,3,0,0,1,32.8,34.85,33,19.0012
2012-06-24 14:00,3,0,0,1,34.44,36.365,30,19.9995
2012-06-24 15:00,3,0,0,1,35.26,37.12,28,15.0013
2012-06-24 16:00,3,0,0,1,34.44,36.365,30,16.9979
2012-06-24 17:00,3,0,0,1,34.44,36.365,32,16.9979
2012-06-24 18:00,3,0,0,1,33.62,36.365,34,16.9979
2012-06-24 19:00,3,0,0,1,32.8,35.605,38,19.9995
2012-06-24 20:00,3,0,0,1,31.98,34.85,46,16.9979
2012-06-24 21:00,3,0,0,1,31.16,34.85,55,15.0013
2012-06-24 22:00,3,0,0,1,30.34,34.09,55,7.0015
2012-06-24 23:00,3,0,0,1,30.34,34.09,58,7.0015
2012-06-25 0:00,3,0,1,1,29.52,34.09,62,16.9979
2012-06-25 1:00,3,0,1,1,28.7,32.575,65,15.0013
2012-06-25 2:00,3,0,1,1,28.7,32.575,70,15.0013
2012-06-25 3:00,3,0,1,1,27.88,31.82,69,16.9979
2012-06-25 4:00,3,0,1,1,27.06,30.305,78,16.9979
2012-06-25 5:00,3,0,1,1,27.06,31.06,74,11.0014
2012-06-25 6:00,3,0,1,1,26.24,29.545,78,11.0014
2012-06-25 7:00,3,0,1,1,27.06,31.06,74,15.0013
2012-06-25 8:00,3,0,1,1,27.06,31.06,69,12.998
2012-06-25 9:00,3,0,1,1,28.7,32.575,65,12.998
2012-06-25 10:00,3,0,1,1,31.16,34.85,55,11.0014
2012-06-25 11:00,3,0,1,1,32.8,36.365,43,22.0028
2012-06-25 12:00,3,0,1,2,31.16,34.09,45,19.9995
2012-06-25 13:00,3,0,1,1,29.52,33.335,51,19.9995
2012-06-25 14:00,3,0,1,1,31.98,34.85,43,16.9979
2012-06-25 15:00,3,0,1,1,31.98,34.09,38,31.0009
2012-06-25 16:00,3,0,1,1,32.8,34.85,31,26.0027
2012-06-25 17:00,3,0,1,1,32.8,34.09,24,31.0009
2012-06-25 18:00,3,0,1,1,31.16,33.335,27,30.0026
2012-06-25 19:00,3,0,1,1,30.34,32.575,27,31.0009
2012-06-25 20:00,3,0,1,1,29.52,32.575,30,30.0026
2012-06-25 21:00,3,0,1,1,27.88,31.06,30,22.0028
2012-06-25 22:00,3,0,1,1,27.06,31.06,29,26.0027
2012-06-25 23:00,3,0,1,1,26.24,31.06,33,22.0028
2012-06-26 0:00,3,0,1,1,25.42,31.06,33,22.0028
2012-06-26 1:00,3,0,1,1,24.6,31.06,35,26.0027
2012-06-26 2:00,3,0,1,1,22.96,26.515,43,19.0012
2012-06-26 3:00,3,0,1,1,22.14,25.76,45,19.0012
2012-06-26 4:00,3,0,1,1,22.14,25.76,45,19.9995
2012-06-26 5:00,3,0,1,1,21.32,25,48,26.0027
2012-06-26 6:00,3,0,1,1,21.32,25,52,19.9995
2012-06-26 7:00,3,0,1,1,21.32,25,52,23.9994
2012-06-26 8:00,3,0,1,1,22.96,26.515,49,22.0028
2012-06-26 9:00,3,0,1,1,23.78,27.275,46,27.9993
2012-06-26 10:00,3,0,1,1,25.42,31.06,41,23.9994
2012-06-26 11:00,3,0,1,1,26.24,31.06,36,27.9993
2012-06-26 12:00,3,0,1,1,27.06,31.06,34,30.0026
2012-06-26 13:00,3,0,1,1,28.7,31.82,30,31.0009
2012-06-26 14:00,3,0,1,1,28.7,31.82,30,31.0009
2012-06-26 15:00,3,0,1,1,29.52,32.575,28,31.0009
2012-06-26 16:00,3,0,1,1,29.52,31.82,26,32.9975
2012-06-26 17:00,3,0,1,1,29.52,32.575,28,27.9993
2012-06-26 18:00,3,0,1,1,29.52,32.575,28,23.9994
2012-06-26 19:00,3,0,1,1,29.52,32.575,28,15.0013
2012-06-26 20:00,3,0,1,1,28.7,31.82,30,19.0012
2012-06-26 21:00,3,0,1,1,27.88,31.82,34,12.998
2012-06-26 22:00,3,0,1,1,27.06,31.06,34,16.9979
2012-06-26 23:00,3,0,1,1,25.42,31.06,41,8.9981
2012-06-27 0:00,3,0,1,1,25.42,31.06,41,12.998
2012-06-27 1:00,3,0,1,1,24.6,31.06,43,11.0014
2012-06-27 2:00,3,0,1,1,22.96,26.515,49,8.9981
2012-06-27 3:00,3,0,1,1,23.78,27.275,46,6.0032
2012-06-27 4:00,3,0,1,1,24.6,31.06,40,16.9979
2012-06-27 5:00,3,0,1,1,24.6,31.06,43,19.0012
2012-06-27 6:00,3,0,1,1,23.78,27.275,46,19.0012
2012-06-27 7:00,3,0,1,1,24.6,31.06,43,23.9994
2012-06-27 8:00,3,0,1,1,25.42,31.06,43,22.0028
2012-06-27 9:00,3,0,1,1,27.06,31.06,41,23.9994
2012-06-27 10:00,3,0,1,1,28.7,31.82,37,16.9979
2012-06-27 11:00,3,0,1,1,30.34,32.575,30,22.0028
2012-06-27 12:00,3,0,1,1,31.16,33.335,29,19.9995
2012-06-27 13:00,3,0,1,1,32.8,34.85,27,22.0028
2012-06-27 14:00,3,0,1,1,32.8,34.09,24,23.9994
2012-06-27 15:00,3,0,1,1,32.8,34.85,26,31.0009
2012-06-27 16:00,3,0,1,1,33.62,34.85,24,30.0026
2012-06-27 17:00,3,0,1,1,33.62,34.85,24,26.0027
2012-06-27 18:00,3,0,1,1,32.8,34.85,27,22.0028
2012-06-27 19:00,3,0,1,1,31.98,34.09,29,22.0028
2012-06-27 20:00,3,0,1,1,31.16,33.335,31,12.998
2012-06-27 21:00,3,0,1,1,30.34,32.575,35,8.9981
2012-06-27 22:00,3,0,1,1,29.52,32.575,39,6.0032
2012-06-27 23:00,3,0,1,1,27.88,31.82,47,8.9981
2012-06-28 0:00,3,0,1,1,27.06,31.06,50,7.0015
2012-06-28 1:00,3,0,1,1,27.06,31.06,54,0
2012-06-28 2:00,3,0,1,1,27.06,31.06,50,6.0032
2012-06-28 3:00,3,0,1,1,27.06,31.06,50,6.0032
2012-06-28 4:00,3,0,1,1,25.42,30.305,61,7.0015
2012-06-28 5:00,3,0,1,1,25.42,31.06,57,6.0032
2012-06-28 6:00,3,0,1,1,25.42,31.06,57,6.0032
2012-06-28 7:00,3,0,1,1,25.42,30.305,61,7.0015
2012-06-28 8:00,3,0,1,1,27.06,31.06,50,8.9981
2012-06-28 9:00,3,0,1,1,28.7,32.575,54,11.0014
2012-06-28 10:00,3,0,1,1,30.34,33.335,48,12.998
2012-06-28 11:00,3,0,1,1,32.8,34.85,31,12.998
2012-06-28 12:00,3,0,1,1,34.44,35.605,26,19.0012
2012-06-28 13:00,3,0,1,1,35.26,37.12,26,15.0013
2012-06-28 14:00,3,0,1,1,35.26,36.365,25,22.0028
2012-06-28 15:00,3,0,1,1,35.26,36.365,25,22.0028
2012-06-28 16:00,3,0,1,1,36.08,37.12,23,12.998
2012-06-28 17:00,3,0,1,1,36.08,37.12,22,12.998
2012-06-28 18:00,3,0,1,1,35.26,36.365,25,15.0013
2012-06-28 19:00,3,0,1,1,34.44,36.365,30,19.9995
2012-06-28 20:00,3,0,1,1,33.62,36.365,34,12.998
2012-06-28 21:00,3,0,1,1,31.16,34.85,55,12.998
2012-06-28 22:00,3,0,1,1,31.16,34.85,52,11.0014
2012-06-28 23:00,3,0,1,1,30.34,33.335,48,8.9981
2012-06-29 0:00,3,0,1,1,30.34,33.335,48,8.9981
2012-06-29 1:00,3,0,1,1,30.34,33.335,51,11.0014
2012-06-29 2:00,3,0,1,1,29.52,33.335,58,12.998
2012-06-29 3:00,3,0,1,1,29.52,33.335,58,12.998
2012-06-29 4:00,3,0,1,1,28.7,32.575,65,11.0014
2012-06-29 5:00,3,0,1,1,28.7,32.575,61,7.0015
2012-06-29 6:00,3,0,1,2,28.7,32.575,61,11.0014
2012-06-29 7:00,3,0,1,1,28.7,32.575,61,7.0015
2012-06-29 8:00,3,0,1,2,30.34,34.09,55,7.0015
2012-06-29 9:00,3,0,1,1,31.16,34.85,55,11.0014
2012-06-29 10:00,3,0,1,1,36.9,41.665,39,19.9995
2012-06-29 11:00,3,0,1,2,36.9,42.425,42,19.0012
2012-06-29 12:00,3,0,1,2,37.72,43.94,40,16.9979
2012-06-29 13:00,3,0,1,1,38.54,43.94,38,12.998
2012-06-29 14:00,3,0,1,1,39.36,45.455,36,15.0013
2012-06-29 15:00,3,0,1,1,39.36,45.455,36,0
2012-06-29 16:00,3,0,1,1,39.36,45.455,36,0
2012-06-29 17:00,3,0,1,1,40.18,46.21,34,12.998
2012-06-29 18:00,3,0,1,1,39.36,43.18,31,0
2012-06-29 19:00,3,0,1,1,36.9,43.94,47,12.998
2012-06-29 20:00,3,0,1,1,37.72,44.695,42,16.9979
2012-06-29 21:00,3,0,1,2,35.26,41.665,53,12.998
2012-06-29 22:00,3,0,1,3,33.62,41.665,63,12.998
2012-06-29 23:00,3,0,1,3,33.62,41.665,63,12.998
2012-06-30 0:00,3,0,0,3,26.24,28.79,89,11.0014
2012-06-30 1:00,3,0,0,3,26.24,28.79,89,15.0013
2012-06-30 2:00,3,0,0,2,26.24,28.79,89,0
2012-06-30 3:00,3,0,0,2,26.24,28.79,89,0
2012-06-30 4:00,3,0,0,2,25.42,27.275,94,0
2012-06-30 5:00,3,0,0,1,26.24,28.79,89,11.0014
2012-06-30 6:00,3,0,0,1,26.24,28.79,89,11.0014
2012-06-30 7:00,3,0,0,1,26.24,28.79,89,11.0014
2012-06-30 8:00,3,0,0,1,26.24,28.79,89,11.0014
2012-06-30 9:00,3,0,0,1,26.24,28.79,89,11.0014
2012-06-30 10:00,3,0,0,1,36.08,38.635,30,16.9979
2012-06-30 11:00,3,0,0,1,36.08,38.635,30,16.9979
2012-06-30 12:00,3,0,0,1,36.08,38.635,30,16.9979
2012-06-30 13:00,3,0,0,1,36.08,38.635,30,16.9979
2012-06-30 14:00,3,0,0,1,36.08,38.635,30,16.9979
2012-06-30 15:00,3,0,0,1,36.08,38.635,30,16.9979
2012-06-30 16:00,3,0,0,1,36.9,39.395,29,11.0014
2012-06-30 17:00,3,0,0,1,36.08,38.635,32,8.9981
2012-06-30 18:00,3,0,0,1,36.08,39.395,35,0
2012-06-30 19:00,3,0,0,1,34.44,37.88,44,16.9979
2012-06-30 20:00,3,0,0,1,33.62,38.635,52,11.0014
2012-06-30 21:00,3,0,0,1,33.62,38.635,52,11.0014
2012-06-30 22:00,3,0,0,1,31.98,37.12,62,11.0014
2012-06-30 23:00,3,0,0,1,31.98,37.12,62,6.0032
2012-07-20 0:00,3,0,1,3,27.06,29.545,89,6.0032
2012-07-20 1:00,3,0,1,1,27.06,29.545,89,8.9981
2012-07-20 2:00,3,0,1,2,27.06,29.545,89,6.0032
2012-07-20 3:00,3,0,1,2,27.06,29.545,89,7.0015
2012-07-20 4:00,3,0,1,2,27.06,29.545,89,11.0014
2012-07-20 5:00,3,0,1,2,27.06,29.545,89,8.9981
2012-07-20 6:00,3,0,1,2,27.06,29.545,89,11.0014
2012-07-20 7:00,3,0,1,2,27.06,29.545,89,12.998
2012-07-20 8:00,3,0,1,2,27.88,31.82,83,11.0014
2012-07-20 9:00,3,0,1,2,28.7,33.335,79,8.9981
2012-07-20 10:00,3,0,1,2,28.7,33.335,79,11.0014
2012-07-20 11:00,3,0,1,3,29.52,34.85,74,12.998
2012-07-20 12:00,3,0,1,3,27.88,31.82,83,11.0014
2012-07-20 13:00,3,0,1,3,27.88,31.82,83,7.0015
2012-07-20 14:00,3,0,1,3,28.7,33.335,84,11.0014
2012-07-20 15:00,3,0,1,2,28.7,33.335,84,19.9995
2012-07-20 16:00,3,0,1,2,27.88,31.82,83,22.0028
2012-07-20 17:00,3,0,1,2,27.06,29.545,89,27.9993
2012-07-20 18:00,3,0,1,2,27.06,30.305,78,22.0028
2012-07-20 19:00,3,0,1,2,26.24,28.79,83,19.0012
2012-07-20 20:00,3,0,1,3,26.24,28.79,83,26.0027
2012-07-20 21:00,3,0,1,3,25.42,28.79,83,22.0028
2012-07-20 22:00,3,0,1,2,25.42,28.79,83,12.998
2012-07-20 23:00,3,0,1,2,25.42,28.79,83,19.0012
2012-07-21 0:00,3,0,0,3,25.42,28.79,83,19.0012
2012-07-21 1:00,3,0,0,2,25.42,28.79,83,16.9979
2012-07-21 2:00,3,0,0,3,24.6,27.275,88,19.0012
2012-07-21 3:00,3,0,0,3,24.6,27.275,88,16.9979
2012-07-21 4:00,3,0,0,3,23.78,27.275,88,19.0012
2012-07-21 5:00,3,0,0,3,23.78,27.275,88,16.9979
2012-07-21 6:00,3,0,0,3,23.78,27.275,88,16.9979
2012-07-21 7:00,3,0,0,2,23.78,27.275,88,16.9979
2012-07-21 8:00,3,0,0,2,23.78,27.275,83,16.9979
2012-07-21 9:00,3,0,0,2,23.78,27.275,83,12.998
2012-07-21 10:00,3,0,0,3,23.78,27.275,88,16.9979
2012-07-21 11:00,3,0,0,2,24.6,28.03,83,16.9979
2012-07-21 12:00,3,0,0,3,24.6,28.03,83,15.0013
2012-07-21 13:00,3,0,0,3,24.6,28.03,83,11.0014
2012-07-21 14:00,3,0,0,2,24.6,27.275,88,16.9979
2012-07-21 15:00,3,0,0,3,24.6,27.275,88,16.9979
2012-07-21 16:00,3,0,0,3,24.6,27.275,88,12.998
2012-07-21 17:00,3,0,0,3,24.6,27.275,88,11.0014
2012-07-21 18:00,3,0,0,2,24.6,27.275,88,12.998
2012-07-21 19:00,3,0,0,2,24.6,27.275,88,11.0014
2012-07-21 20:00,3,0,0,3,24.6,27.275,88,11.0014
2012-07-21 21:00,3,0,0,2,24.6,27.275,88,11.0014
2012-07-21 22:00,3,0,0,2,24.6,27.275,88,7.0015
2012-07-21 23:00,3,0,0,2,24.6,27.275,88,0
2012-07-22 0:00,3,0,0,2,24.6,27.275,88,7.0015
2012-07-22 1:00,3,0,0,2,24.6,27.275,88,11.0014
2012-07-22 2:00,3,0,0,2,24.6,27.275,88,7.0015
2012-07-22 3:00,3,0,0,2,24.6,27.275,88,7.0015
2012-07-22 4:00,3,0,0,1,24.6,27.275,88,0
2012-07-22 5:00,3,0,0,1,24.6,27.275,88,0
2012-07-22 6:00,3,0,0,2,25.42,28.79,83,6.0032
2012-07-22 7:00,3,0,0,2,25.42,28.79,83,0
2012-07-22 8:00,3,0,0,2,26.24,29.545,78,0
2012-07-22 9:00,3,0,0,2,27.06,31.06,69,0
2012-07-22 10:00,3,0,0,2,27.06,31.06,74,0
2012-07-22 11:00,3,0,0,2,27.06,31.06,74,0
2012-07-22 12:00,3,0,0,2,28.7,32.575,70,7.0015
2012-07-22 13:00,3,0,0,2,28.7,32.575,65,6.0032
2012-07-22 14:00,3,0,0,1,29.52,34.09,66,7.0015
2012-07-22 15:00,3,0,0,1,29.52,34.09,66,7.0015
2012-07-22 16:00,3,0,0,1,30.34,34.85,66,7.0015
2012-07-22 17:00,3,0,0,1,30.34,34.85,66,15.0013
2012-07-22 18:00,3,0,0,1,30.34,34.85,66,11.0014
2012-07-22 19:00,3,0,0,1,29.52,34.09,70,11.0014
2012-07-22 20:00,3,0,0,1,28.7,33.335,74,11.0014
2012-07-22 21:00,3,0,0,1,28.7,33.335,79,7.0015
2012-07-22 22:00,3,0,0,1,28.7,33.335,74,12.998
2012-07-22 23:00,3,0,0,1,27.88,31.82,79,11.0014
2012-07-23 0:00,3,0,1,1,27.06,29.545,89,6.0032
2012-07-23 1:00,3,0,1,1,27.06,29.545,89,12.998
2012-07-23 2:00,3,0,1,2,27.06,29.545,94,6.0032
2012-07-23 3:00,3,0,1,2,27.06,29.545,94,6.0032
2012-07-23 4:00,3,0,1,2,27.06,29.545,94,8.9981
2012-07-23 5:00,3,0,1,2,27.06,29.545,94,8.9981
2012-07-23 6:00,3,0,1,2,27.88,31.82,89,6.0032
2012-07-23 7:00,3,0,1,1,28.7,33.335,84,8.9981
2012-07-23 8:00,3,0,1,1,29.52,34.85,79,7.0015
2012-07-23 9:00,3,0,1,2,30.34,35.605,74,8.9981
2012-07-23 10:00,3,0,1,2,31.98,37.12,62,0
2012-07-23 11:00,3,0,1,2,32.8,37.12,52,11.0014
2012-07-23 12:00,3,0,1,2,32.8,37.12,52,11.0014
2012-07-23 13:00,3,0,1,2,32.8,37.12,52,7.0015
2012-07-23 14:00,3,0,1,2,31.98,37.12,59,11.0014
2012-07-23 15:00,3,0,1,1,32.8,37.88,55,12.998
2012-07-23 16:00,3,0,1,1,33.62,38.635,52,8.9981
2012-07-23 17:00,3,0,1,1,33.62,38.635,52,8.9981
2012-07-23 18:00,3,0,1,1,33.62,37.88,46,7.0015
2012-07-23 19:00,3,0,1,1,32.8,37.12,52,16.9979
2012-07-23 20:00,3,0,1,1,31.16,35.605,62,11.0014
2012-07-23 21:00,3,0,1,1,31.16,35.605,62,12.998
2012-07-23 22:00,3,0,1,1,30.34,34.09,62,12.998
2012-07-23 23:00,3,0,1,1,29.52,34.09,66,11.0014
2012-07-24 0:00,3,0,1,1,28.7,33.335,74,8.9981
2012-07-24 1:00,3,0,1,1,27.88,31.82,79,11.0014
2012-07-24 2:00,3,0,1,1,27.06,30.305,83,11.0014
2012-07-24 3:00,3,0,1,1,27.06,30.305,83,11.0014
2012-07-24 4:00,3,0,1,1,27.06,30.305,83,6.0032
2012-07-24 5:00,3,0,1,1,27.06,30.305,83,7.0015
2012-07-24 6:00,3,0,1,1,27.06,30.305,83,8.9981
2012-07-24 7:00,3,0,1,1,28.7,33.335,74,11.0014
2012-07-24 8:00,3,0,1,1,30.34,34.85,70,12.998
2012-07-24 9:00,3,0,1,1,34.44,40.15,53,0
2012-07-24 10:00,3,0,1,1,33.62,39.395,56,19.9995
2012-07-24 11:00,3,0,1,2,34.44,40.15,53,22.0028
2012-07-24 12:00,3,0,1,2,33.62,39.395,56,15.0013
2012-07-24 13:00,3,0,1,2,34.44,40.15,53,19.9995
2012-07-24 14:00,3,0,1,2,34.44,40.15,53,15.0013
2012-07-24 15:00,3,0,1,1,33.62,38.635,49,19.9995
2012-07-24 16:00,3,0,1,1,32.8,37.88,55,19.9995
2012-07-24 17:00,3,0,1,1,32.8,37.12,52,22.0028
2012-07-24 18:00,3,0,1,1,31.16,35.605,62,22.0028
2012-07-24 19:00,3,0,1,1,31.16,35.605,62,11.0014
2012-07-24 20:00,3,0,1,1,30.34,34.85,66,11.0014
2012-07-24 21:00,3,0,1,1,30.34,34.85,66,15.0013
2012-07-24 22:00,3,0,1,1,30.34,34.85,66,16.9979
2012-07-24 23:00,3,0,1,1,30.34,34.09,58,22.0028
2012-07-25 0:00,3,0,1,1,29.52,33.335,58,19.9995
2012-07-25 1:00,3,0,1,1,28.7,32.575,58,12.998
2012-07-25 2:00,3,0,1,1,27.88,31.82,61,15.0013
2012-07-25 3:00,3,0,1,1,27.06,31.06,65,15.0013
2012-07-25 4:00,3,0,1,1,26.24,30.305,65,15.0013
2012-07-25 5:00,3,0,1,1,26.24,30.305,65,11.0014
2012-07-25 6:00,3,0,1,1,26.24,30.305,65,12.998
2012-07-25 7:00,3,0,1,1,27.06,31.06,50,22.0028
2012-07-25 8:00,3,0,1,1,28.7,31.82,42,16.9979
2012-07-25 9:00,3,0,1,1,29.52,32.575,37,19.9995
2012-07-25 10:00,3,0,1,1,30.34,32.575,37,0
2012-07-25 11:00,3,0,1,1,31.16,33.335,33,0
2012-07-25 12:00,3,0,1,1,31.16,33.335,33,0
2012-07-25 13:00,3,0,1,1,31.98,34.09,31,11.0014
2012-07-25 14:00,3,0,1,1,32.8,34.85,29,8.9981
2012-07-25 15:00,3,0,1,1,31.98,34.09,31,6.0032
2012-07-25 16:00,3,0,1,1,32.8,34.85,29,11.0014
2012-07-25 17:00,3,0,1,1,32.8,34.85,31,0
2012-07-25 18:00,3,0,1,1,32.8,34.85,27,8.9981
2012-07-25 19:00,3,0,1,1,31.16,33.335,33,8.9981
2012-07-25 20:00,3,0,1,1,30.34,32.575,40,11.0014
2012-07-25 21:00,3,0,1,1,29.52,32.575,45,8.9981
2012-07-25 22:00,3,0,1,1,28.7,32.575,58,8.9981
2012-07-25 23:00,3,0,1,1,27.88,31.82,57,19.9995
2012-07-26 0:00,3,0,1,1,27.06,31.06,65,12.998
2012-07-26 1:00,3,0,1,1,27.06,31.06,65,15.0013
2012-07-26 2:00,3,0,1,1,27.06,31.06,69,16.9979
2012-07-26 3:00,3,0,1,1,27.06,31.06,69,15.0013
2012-07-26 4:00,3,0,1,1,27.06,31.06,74,12.998
2012-07-26 5:00,3,0,1,1,27.06,31.06,74,12.998
2012-07-26 6:00,3,0,1,1,27.06,30.305,78,16.9979
2012-07-26 7:00,3,0,1,1,28.7,33.335,74,16.9979
2012-07-26 8:00,3,0,1,2,28.7,33.335,74,16.9979
2012-07-26 9:00,3,0,1,2,29.52,34.09,70,8.9981
2012-07-26 10:00,3,0,1,1,30.34,34.85,70,15.0013
2012-07-26 11:00,3,0,1,1,32.8,40.15,66,15.0013
2012-07-26 12:00,3,0,1,1,34.44,40.91,56,16.9979
2012-07-26 13:00,3,0,1,1,35.26,41.665,53,19.9995
2012-07-26 14:00,3,0,1,1,36.9,43.94,47,16.9979
2012-07-26 15:00,3,0,1,1,37.72,44.695,42,19.9995
2012-07-26 16:00,3,0,1,1,38.54,43.94,38,26.0027
2012-07-26 17:00,3,0,1,1,36.9,43.18,45,27.9993
2012-07-26 18:00,3,0,1,1,37.72,43.94,40,23.9994
2012-07-26 19:00,3,0,1,1,36.9,43.18,45,22.0028
2012-07-26 20:00,3,0,1,1,35.26,40.91,50,16.9979
2012-07-26 21:00,3,0,1,1,32.8,37.12,49,40.9973
2012-07-26 22:00,3,0,1,1,32.8,37.12,49,40.9973
2012-07-26 23:00,3,0,1,1,29.52,34.09,70,8.9981
2012-07-27 0:00,3,0,1,1,29.52,34.09,70,0
2012-07-27 1:00,3,0,1,1,29.52,34.09,70,7.0015
2012-07-27 2:00,3,0,1,1,28.7,33.335,79,8.9981
2012-07-27 3:00,3,0,1,1,28.7,33.335,74,11.0014
2012-07-27 4:00,3,0,1,1,28.7,33.335,79,0
2012-07-27 5:00,3,0,1,1,28.7,33.335,84,0
2012-07-27 6:00,3,0,1,1,28.7,33.335,79,0
2012-07-27 7:00,3,0,1,1,29.52,34.09,70,12.998
2012-07-27 8:00,3,0,1,1,31.16,36.365,66,6.0032
2012-07-27 9:00,3,0,1,1,33.62,38.635,49,19.0012
2012-07-27 10:00,3,0,1,1,34.44,38.635,47,0
2012-07-27 11:00,3,0,1,1,34.44,38.635,47,22.0028
2012-07-27 12:00,3,0,1,1,34.44,39.395,49,23.9994
2012-07-27 13:00,3,0,1,1,34.44,38.635,47,19.0012
2012-07-27 14:00,3,0,1,1,35.26,40.15,47,19.9995
2012-07-27 15:00,3,0,1,1,35.26,39.395,41,15.0013
2012-07-27 16:00,3,0,1,1,34.44,38.635,47,15.0013
2012-07-27 17:00,3,0,1,1,35.26,39.395,41,19.0012
2012-07-27 18:00,3,0,1,1,33.62,37.88,46,11.0014
2012-07-27 19:00,3,0,1,1,33.62,38.635,52,12.998
2012-07-27 20:00,3,0,1,1,31.98,37.12,59,7.0015
2012-07-27 21:00,3,0,1,1,31.98,37.12,59,7.0015
2012-07-27 22:00,3,0,1,1,31.98,37.12,59,8.9981
2012-07-27 23:00,3,0,1,1,31.16,36.365,66,0
2012-07-28 0:00,3,0,0,1,30.34,34.09,62,8.9981
2012-07-28 1:00,3,0,0,1,29.52,34.09,70,6.0032
2012-07-28 2:00,3,0,0,1,29.52,34.09,70,0
2012-07-28 3:00,3,0,0,1,29.52,34.09,70,0
2012-07-28 4:00,3,0,0,1,28.7,33.335,79,12.998
2012-07-28 5:00,3,0,0,1,27.88,31.82,79,11.0014
2012-07-28 6:00,3,0,0,1,28.7,32.575,70,7.0015
2012-07-28 7:00,3,0,0,1,29.52,34.09,70,8.9981
2012-07-28 8:00,3,0,0,1,30.34,34.85,66,11.0014
2012-07-28 9:00,3,0,0,1,31.98,37.12,59,7.0015
2012-07-28 10:00,3,0,0,1,33.62,38.635,52,15.0013
2012-07-28 11:00,3,0,0,1,34.44,37.12,39,15.0013
2012-07-28 12:00,3,0,0,1,34.44,37.88,41,15.0013
2012-07-28 13:00,3,0,0,1,35.26,39.395,41,19.0012
2012-07-28 14:00,3,0,0,1,35.26,38.635,39,16.9979
2012-07-28 15:00,3,0,0,1,36.08,38.635,32,19.0012
2012-07-28 16:00,3,0,0,1,35.26,38.635,39,15.0013
2012-07-28 17:00,3,0,0,1,33.62,37.88,46,12.998
2012-07-28 18:00,3,0,0,1,33.62,37.12,43,19.0012
2012-07-28 19:00,3,0,0,1,27.88,31.82,83,0
2012-07-28 20:00,3,0,0,1,27.06,30.305,83,15.0013
2012-07-28 21:00,3,0,0,1,27.06,30.305,78,6.0032
2012-07-28 22:00,3,0,0,1,27.06,30.305,78,6.0032
2012-07-28 23:00,3,0,0,1,27.06,30.305,83,6.0032
2012-07-29 0:00,3,0,0,1,27.06,29.545,89,8.9981
2012-07-29 1:00,3,0,0,1,27.06,30.305,83,7.0015
2012-07-29 2:00,3,0,0,1,27.06,31.06,74,8.9981
2012-07-29 3:00,3,0,0,1,27.06,31.06,69,15.0013
2012-07-29 4:00,3,0,0,1,26.24,30.305,69,12.998
2012-07-29 5:00,3,0,0,1,25.42,29.545,78,12.998
2012-07-29 6:00,3,0,0,1,26.24,30.305,73,11.0014
2012-07-29 7:00,3,0,0,1,27.06,31.06,69,16.9979
2012-07-29 8:00,3,0,0,1,28.7,32.575,65,15.0013
2012-07-29 9:00,3,0,0,1,29.52,34.09,62,16.9979
2012-07-29 10:00,3,0,0,1,30.34,34.09,62,0
2012-07-29 11:00,3,0,0,1,31.16,34.85,55,15.0013
2012-07-29 12:00,3,0,0,1,31.16,34.85,55,22.0028
2012-07-29 13:00,3,0,0,1,32.8,37.12,49,15.0013
2012-07-29 14:00,3,0,0,1,32.8,36.365,46,12.998
2012-07-29 15:00,3,0,0,1,32.8,36.365,43,8.9981
2012-07-29 16:00,3,0,0,1,32.8,36.365,43,8.9981
2012-07-29 17:00,3,0,0,1,33.62,37.12,41,11.0014
2012-07-29 18:00,3,0,0,1,32.8,35.605,41,19.9995
2012-07-29 19:00,3,0,0,1,31.16,34.85,55,11.0014
2012-07-29 20:00,3,0,0,1,30.34,34.85,66,7.0015
2012-07-29 21:00,3,0,0,1,29.52,34.09,70,8.9981
2012-07-29 22:00,3,0,0,1,28.7,32.575,70,7.0015
2012-07-29 23:00,3,0,0,1,28.7,32.575,70,0
2012-07-30 0:00,3,0,1,1,28.7,33.335,74,6.0032
2012-07-30 1:00,3,0,1,1,28.7,33.335,74,0
2012-07-30 2:00,3,0,1,1,27.88,31.82,74,0
2012-07-30 3:00,3,0,1,1,27.06,30.305,83,0
2012-07-30 4:00,3,0,1,1,27.06,30.305,83,0
2012-07-30 5:00,3,0,1,1,27.06,30.305,83,7.0015
2012-07-30 6:00,3,0,1,1,27.06,30.305,83,11.0014
2012-07-30 7:00,3,0,1,1,28.7,33.335,79,6.0032
2012-07-30 8:00,3,0,1,2,29.52,34.85,74,7.0015
2012-07-30 9:00,3,0,1,2,30.34,34.85,70,0
2012-07-30 10:00,3,0,1,2,30.34,34.85,66,15.0013
2012-07-30 11:00,3,0,1,2,31.98,36.365,55,8.9981
2012-07-30 12:00,3,0,1,2,31.16,35.605,58,7.0015
2012-07-30 13:00,3,0,1,1,32.8,37.12,49,11.0014
2012-07-30 14:00,3,0,1,1,32.8,37.12,49,15.0013
2012-07-30 15:00,3,0,1,1,32.8,37.12,49,16.9979
2012-07-30 16:00,3,0,1,1,32.8,37.12,49,19.0012
2012-07-30 17:00,3,0,1,1,31.16,34.85,55,22.0028
2012-07-30 18:00,3,0,1,1,31.16,35.605,58,27.9993
2012-07-30 19:00,3,0,1,1,33.62,38.635,52,11.0014
2012-07-30 20:00,3,0,1,1,29.52,34.09,70,15.0013
2012-07-30 21:00,3,0,1,1,29.52,34.09,70,12.998
2012-07-30 22:00,3,0,1,2,28.7,33.335,74,15.0013
2012-07-30 23:00,3,0,1,1,28.7,33.335,74,12.998
2012-07-31 0:00,3,0,1,1,27.88,31.82,79,8.9981
2012-07-31 1:00,3,0,1,1,27.06,30.305,83,8.9981
2012-07-31 2:00,3,0,1,1,27.06,30.305,83,8.9981
2012-07-31 3:00,3,0,1,1,27.06,30.305,83,6.0032
2012-07-31 4:00,3,0,1,1,27.06,30.305,83,6.0032
2012-07-31 5:00,3,0,1,1,27.06,30.305,83,11.0014
2012-07-31 6:00,3,0,1,1,26.24,28.79,89,11.0014
2012-07-31 7:00,3,0,1,1,27.88,31.82,83,15.0013
2012-07-31 8:00,3,0,1,1,28.7,33.335,79,8.9981
2012-07-31 9:00,3,0,1,1,29.52,34.09,70,7.0015
2012-07-31 10:00,3,0,1,1,29.52,34.09,66,0
2012-07-31 11:00,3,0,1,1,31.16,35.605,58,0
2012-07-31 12:00,3,0,1,1,32.8,36.365,46,0
2012-07-31 13:00,3,0,1,1,32.8,37.88,55,19.0012
2012-07-31 14:00,3,0,1,1,32.8,37.88,55,19.0012
2012-07-31 15:00,3,0,1,1,31.16,35.605,62,8.9981
2012-07-31 16:00,3,0,1,1,31.16,35.605,58,15.0013
2012-07-31 17:00,3,0,1,1,31.98,35.605,52,15.0013
2012-07-31 18:00,3,0,1,1,31.16,34.85,55,19.0012
2012-07-31 19:00,3,0,1,3,30.34,34.09,62,23.9994
2012-07-31 20:00,3,0,1,3,28.7,32.575,70,12.998
2012-07-31 21:00,3,0,1,1,27.88,31.82,79,12.998
2012-07-31 22:00,3,0,1,1,27.88,31.82,74,16.9979
2012-07-31 23:00,3,0,1,2,27.06,30.305,83,11.0014
2012-08-20 0:00,3,0,1,2,24.6,28.03,83,7.0015
2012-08-20 1:00,3,0,1,1,24.6,28.03,83,11.0014
2012-08-20 2:00,3,0,1,1,24.6,28.03,83,11.0014
2012-08-20 3:00,3,0,1,1,24.6,27.275,88,7.0015
2012-08-20 4:00,3,0,1,2,24.6,28.03,83,6.0032
2012-08-20 5:00,3,0,1,2,24.6,28.03,83,0
2012-08-20 6:00,3,0,1,2,24.6,28.79,78,8.9981
2012-08-20 7:00,3,0,1,2,25.42,29.545,78,8.9981
2012-08-20 8:00,3,0,1,2,25.42,29.545,73,7.0015
2012-08-20 9:00,3,0,1,2,26.24,30.305,69,0
2012-08-20 10:00,3,0,1,2,26.24,30.305,69,6.0032
2012-08-20 11:00,3,0,1,1,27.06,31.06,65,7.0015
2012-08-20 12:00,3,0,1,2,27.06,31.06,61,7.0015
2012-08-20 13:00,3,0,1,1,28.7,32.575,58,8.9981
2012-08-20 14:00,3,0,1,1,29.52,33.335,54,11.0014
2012-08-20 15:00,3,0,1,1,29.52,33.335,54,16.9979
2012-08-20 16:00,3,0,1,1,29.52,33.335,54,16.9979
2012-08-20 17:00,3,0,1,1,28.7,32.575,58,19.0012
2012-08-20 18:00,3,0,1,2,25.42,29.545,78,16.9979
2012-08-20 19:00,3,0,1,2,25.42,29.545,78,12.998
2012-08-20 20:00,3,0,1,2,25.42,28.79,83,19.0012
2012-08-20 21:00,3,0,1,1,24.6,28.03,83,0
2012-08-20 22:00,3,0,1,2,24.6,28.03,83,0
2012-08-20 23:00,3,0,1,2,24.6,28.03,83,0
2012-08-21 0:00,3,0,1,2,24.6,28.03,83,6.0032
2012-08-21 1:00,3,0,1,2,24.6,28.03,83,8.9981
2012-08-21 2:00,3,0,1,2,23.78,27.275,88,19.0012
2012-08-21 3:00,3,0,1,1,22.96,26.515,88,0
2012-08-21 4:00,3,0,1,1,22.96,26.515,88,0
2012-08-21 5:00,3,0,1,1,22.96,26.515,83,6.0032
2012-08-21 6:00,3,0,1,1,22.96,26.515,83,7.0015
2012-08-21 7:00,3,0,1,1,24.6,28.79,78,7.0015
2012-08-21 8:00,3,0,1,1,24.6,28.79,78,8.9981
2012-08-21 9:00,3,0,1,1,26.24,30.305,69,0
2012-08-21 10:00,3,0,1,1,27.06,31.06,61,7.0015
2012-08-21 11:00,3,0,1,1,28.7,32.575,54,0
2012-08-21 12:00,3,0,1,1,29.52,32.575,45,0
2012-08-21 13:00,3,0,1,1,30.34,32.575,40,0
2012-08-21 14:00,3,0,1,1,31.16,33.335,37,6.0032
2012-08-21 15:00,3,0,1,1,31.16,33.335,37,0
2012-08-21 16:00,3,0,1,1,31.16,33.335,37,0
2012-08-21 17:00,3,0,1,1,30.34,33.335,51,19.0012
2012-08-21 18:00,3,0,1,1,29.52,33.335,54,15.0013
2012-08-21 19:00,3,0,1,3,25.42,29.545,73,7.0015
2012-08-21 20:00,3,0,1,1,26.24,30.305,73,0
2012-08-21 21:00,3,0,1,1,26.24,30.305,73,0
2012-08-21 22:00,3,0,1,1,26.24,29.545,78,0
2012-08-21 23:00,3,0,1,1,25.42,28.79,83,0
2012-08-22 0:00,3,0,1,1,25.42,28.79,83,7.0015
2012-08-22 1:00,3,0,1,1,25.42,29.545,78,0
2012-08-22 2:00,3,0,1,1,25.42,29.545,78,0
2012-08-22 3:00,3,0,1,1,25.42,29.545,78,0
2012-08-22 4:00,3,0,1,1,23.78,27.275,83,7.0015
2012-08-22 5:00,3,0,1,1,24.6,28.79,78,0
2012-08-22 6:00,3,0,1,1,25.42,29.545,73,0
2012-08-22 7:00,3,0,1,1,25.42,29.545,78,0
2012-08-22 8:00,3,0,1,1,26.24,30.305,73,6.0032
2012-08-22 9:00,3,0,1,1,27.88,31.82,65,0
2012-08-22 10:00,3,0,1,1,28.7,32.575,61,6.0032
2012-08-22 11:00,3,0,1,1,29.52,33.335,58,6.0032
2012-08-22 12:00,3,0,1,1,30.34,33.335,51,0
2012-08-22 13:00,3,0,1,1,31.16,34.09,48,7.0015
2012-08-22 14:00,3,0,1,1,31.16,34.09,45,7.0015
2012-08-22 15:00,3,0,1,1,31.16,34.09,48,8.9981
2012-08-22 16:00,3,0,1,3,30.34,34.09,55,15.0013
2012-08-22 17:00,3,0,1,3,30.34,34.09,55,15.0013
2012-08-22 18:00,3,0,1,3,27.06,31.06,61,15.0013
2012-08-22 19:00,3,0,1,2,27.06,31.06,74,0
2012-08-22 20:00,3,0,1,1,26.24,30.305,73,12.998
2012-08-22 21:00,3,0,1,1,26.24,30.305,73,0
2012-08-22 22:00,3,0,1,1,26.24,30.305,73,0
2012-08-22 23:00,3,0,1,1,26.24,28.79,83,0
2012-08-23 0:00,3,0,1,1,26.24,29.545,78,0
2012-08-23 1:00,3,0,1,1,25.42,28.79,83,0
2012-08-23 2:00,3,0,1,1,25.42,28.79,83,0
2012-08-23 3:00,3,0,1,1,25.42,28.79,83,6.0032
2012-08-23 4:00,3,0,1,1,25.42,28.79,83,0
2012-08-23 5:00,3,0,1,1,25.42,28.79,83,0
2012-08-23 6:00,3,0,1,2,24.6,27.275,88,6.0032
2012-08-23 7:00,3,0,1,2,25.42,28.79,83,6.0032
2012-08-23 8:00,3,0,1,2,27.06,31.06,74,6.0032
2012-08-23 9:00,3,0,1,2,28.7,32.575,70,0
2012-08-23 10:00,3,0,1,1,30.34,34.09,58,6.0032
2012-08-23 11:00,3,0,1,1,31.16,34.09,48,6.0032
2012-08-23 12:00,3,0,1,1,31.98,34.09,38,0
2012-08-23 13:00,3,0,1,1,33.62,36.365,38,6.0032
2012-08-23 14:00,3,0,1,1,31.98,34.85,46,15.0013
2012-08-23 15:00,3,0,1,1,31.98,34.85,46,8.9981
2012-08-23 16:00,3,0,1,1,31.16,34.09,48,11.0014
2012-08-23 17:00,3,0,1,1,31.16,34.09,45,15.0013
2012-08-23 18:00,3,0,1,1,30.34,33.335,48,15.0013
2012-08-23 19:00,3,0,1,1,29.52,33.335,51,6.0032
2012-08-23 20:00,3,0,1,1,28.7,32.575,61,7.0015
2012-08-23 21:00,3,0,1,1,28.7,32.575,61,8.9981
2012-08-23 22:00,3,0,1,2,27.88,31.82,61,7.0015
2012-08-23 23:00,3,0,1,2,27.06,31.06,69,0
2012-08-24 0:00,3,0,1,2,27.06,31.06,69,0
2012-08-24 1:00,3,0,1,2,26.24,30.305,73,0
2012-08-24 2:00,3,0,1,1,27.06,31.06,69,0
2012-08-24 3:00,3,0,1,1,26.24,30.305,73,0
2012-08-24 4:00,3,0,1,2,26.24,30.305,73,0
2012-08-24 5:00,3,0,1,1,26.24,29.545,78,0
2012-08-24 6:00,3,0,1,2,25.42,28.79,83,0
2012-08-24 7:00,3,0,1,2,26.24,29.545,78,0
2012-08-24 8:00,3,0,1,2,27.06,31.06,74,0
2012-08-24 9:00,3,0,1,2,29.52,33.335,58,0
2012-08-24 10:00,3,0,1,2,31.16,34.09,48,0
2012-08-24 11:00,3,0,1,2,31.16,34.09,48,7.0015
2012-08-24 12:00,3,0,1,2,31.16,34.09,45,6.0032
2012-08-24 13:00,3,0,1,2,32.8,35.605,41,7.0015
2012-08-24 14:00,3,0,1,1,31.98,34.85,43,7.0015
2012-08-24 15:00,3,0,1,2,31.16,34.09,48,8.9981
2012-08-24 16:00,3,0,1,2,31.16,34.09,48,8.9981
2012-08-24 17:00,3,0,1,2,30.34,33.335,51,15.0013
2012-08-24 18:00,3,0,1,2,29.52,34.09,62,12.998
2012-08-24 19:00,3,0,1,2,29.52,33.335,58,11.0014
2012-08-24 20:00,3,0,1,2,28.7,32.575,65,15.0013
2012-08-24 21:00,3,0,1,2,28.7,32.575,61,11.0014
2012-08-24 22:00,3,0,1,2,28.7,32.575,61,0
2012-08-24 23:00,3,0,1,2,27.88,31.82,69,6.0032
2012-08-25 0:00,3,0,0,2,28.7,32.575,61,0
2012-08-25 1:00,3,0,0,2,27.88,31.82,69,0
2012-08-25 2:00,3,0,0,2,27.06,31.06,74,6.0032
2012-08-25 3:00,3,0,0,1,27.06,31.06,69,6.0032
2012-08-25 4:00,3,0,0,2,27.06,31.06,69,7.0015
2012-08-25 5:00,3,0,0,2,26.24,30.305,73,11.0014
2012-08-25 6:00,3,0,0,2,26.24,29.545,78,11.0014
2012-08-25 7:00,3,0,0,2,26.24,29.545,78,12.998
2012-08-25 8:00,3,0,0,2,27.06,31.06,74,16.9979
2012-08-25 9:00,3,0,0,2,27.88,31.82,69,19.0012
2012-08-25 10:00,3,0,0,2,28.7,32.575,65,19.9995
2012-08-25 11:00,3,0,0,2,29.52,34.09,62,19.0012
2012-08-25 12:00,3,0,0,3,29.52,33.335,54,26.0027
2012-08-25 13:00,3,0,0,2,29.52,33.335,51,23.9994
2012-08-25 14:00,3,0,0,3,27.06,31.06,65,16.9979
2012-08-25 15:00,3,0,0,2,26.24,30.305,73,22.0028
2012-08-25 16:00,3,0,0,2,27.06,31.06,74,19.9995
2012-08-25 17:00,3,0,0,2,27.06,31.06,74,22.0028
2012-08-25 18:00,3,0,0,2,27.06,31.06,69,31.0009
2012-08-25 19:00,3,0,0,2,26.24,29.545,78,19.9995
2012-08-25 20:00,3,0,0,3,25.42,28.79,83,16.9979
2012-08-25 21:00,3,0,0,1,25.42,28.79,83,23.9994
2012-08-25 22:00,3,0,0,1,25.42,28.79,83,23.9994
2012-08-25 23:00,3,0,0,2,25.42,28.79,83,16.9979
2012-08-26 0:00,3,0,0,1,26.24,28.79,89,16.9979
2012-08-26 1:00,3,0,0,1,26.24,28.79,89,12.998
2012-08-26 2:00,3,0,0,2,26.24,28.79,89,15.0013
2012-08-26 3:00,3,0,0,2,26.24,28.79,89,16.9979
2012-08-26 4:00,3,0,0,2,26.24,28.79,89,12.998
2012-08-26 5:00,3,0,0,1,26.24,28.79,89,12.998
2012-08-26 6:00,3,0,0,1,25.42,28.03,88,19.9995
2012-08-26 7:00,3,0,0,1,26.24,28.79,89,12.998
2012-08-26 8:00,3,0,0,1,27.88,31.82,79,19.0012
2012-08-26 9:00,3,0,0,1,27.88,31.82,79,16.9979
2012-08-26 10:00,3,0,0,1,30.34,34.85,66,26.0027
2012-08-26 11:00,3,0,0,1,30.34,34.85,66,23.9994
2012-08-26 12:00,3,0,0,3,29.52,34.85,74,23.9994
2012-08-26 13:00,3,0,0,3,27.06,30.305,78,27.9993
2012-08-26 14:00,3,0,0,1,26.24,28.79,89,7.0015
2012-08-26 15:00,3,0,0,3,26.24,28.79,89,19.0012
2012-08-26 16:00,3,0,0,3,26.24,28.79,89,19.0012
2012-08-26 17:00,3,0,0,1,26.24,28.79,89,15.0013
2012-08-26 18:00,3,0,0,2,26.24,28.79,89,6.0032
2012-08-26 19:00,3,0,0,2,26.24,28.79,89,11.0014
2012-08-26 20:00,3,0,0,1,26.24,28.79,89,11.0014
2012-08-26 21:00,3,0,0,1,26.24,28.79,83,8.9981
2012-08-26 22:00,3,0,0,1,25.42,28.03,88,6.0032
2012-08-26 23:00,3,0,0,1,25.42,28.79,83,6.0032
2012-08-27 0:00,3,0,1,1,25.42,28.79,83,0
2012-08-27 1:00,3,0,1,1,25.42,28.03,88,6.0032
2012-08-27 2:00,3,0,1,1,25.42,28.03,88,8.9981
2012-08-27 3:00,3,0,1,1,25.42,28.03,88,6.0032
2012-08-27 4:00,3,0,1,1,25.42,28.79,83,0
2012-08-27 5:00,3,0,1,1,25.42,28.03,88,0
2012-08-27 6:00,3,0,1,1,25.42,28.03,88,0
2012-08-27 7:00,3,0,1,1,27.06,30.305,83,0
2012-08-27 8:00,3,0,1,1,27.06,30.305,83,6.0032
2012-08-27 9:00,3,0,1,1,27.06,30.305,83,7.0015
2012-08-27 10:00,3,0,1,1,29.52,34.85,74,8.9981
2012-08-27 11:00,3,0,1,1,30.34,34.85,66,12.998
2012-08-27 12:00,3,0,1,1,31.16,35.605,62,0
2012-08-27 13:00,3,0,1,1,31.16,35.605,57,11.0014
2012-08-27 14:00,3,0,1,1,32.8,37.12,49,6.0032
2012-08-27 15:00,3,0,1,1,32.8,37.88,55,19.9995
2012-08-27 16:00,3,0,1,1,32.8,37.88,55,16.9979
2012-08-27 17:00,3,0,1,1,32.8,36.365,46,15.0013
2012-08-27 18:00,3,0,1,1,31.98,35.605,52,16.9979
2012-08-27 19:00,3,0,1,1,30.34,34.85,70,15.0013
2012-08-27 20:00,3,0,1,1,30.34,34.85,70,12.998
2012-08-27 21:00,3,0,1,1,29.52,34.85,74,12.998
2012-08-27 22:00,3,0,1,1,28.7,33.335,84,12.998
2012-08-27 23:00,3,0,1,1,28.7,33.335,84,11.0014
2012-08-28 0:00,3,0,1,1,28.7,33.335,84,16.9979
2012-08-28 1:00,3,0,1,1,27.88,31.82,89,12.998
2012-08-28 2:00,3,0,1,1,27.88,31.82,83,16.9979
2012-08-28 3:00,3,0,1,1,27.06,29.545,89,8.9981
2012-08-28 4:00,3,0,1,1,27.06,30.305,83,8.9981
2012-08-28 5:00,3,0,1,2,27.06,30.305,83,6.0032
2012-08-28 6:00,3,0,1,2,27.06,29.545,89,7.0015
2012-08-28 7:00,3,0,1,2,27.06,30.305,83,7.0015
2012-08-28 8:00,3,0,1,2,27.06,31.06,85,7.0015
2012-08-28 9:00,3,0,1,2,28.7,33.335,79,11.0014
2012-08-28 10:00,3,0,1,1,30.34,34.09,62,16.9979
2012-08-28 11:00,3,0,1,1,31.98,36.365,55,16.9979
2012-08-28 12:00,3,0,1,1,32.8,37.12,49,19.0012
2012-08-28 13:00,3,0,1,1,33.62,37.12,43,19.9995
2012-08-28 14:00,3,0,1,1,34.44,37.12,38,22.0028
2012-08-28 15:00,3,0,1,1,33.62,36.365,34,19.9995
2012-08-28 16:00,3,0,1,1,33.62,35.605,33,22.0028
2012-08-28 17:00,3,0,1,1,32.8,34.85,35,26.0027
2012-08-28 18:00,3,0,1,1,31.98,34.85,40,16.9979
2012-08-28 19:00,3,0,1,1,30.34,33.335,45,11.0014
2012-08-28 20:00,3,0,1,1,29.52,33.335,48,7.0015
2012-08-28 21:00,3,0,1,1,29.52,33.335,48,6.0032
2012-08-28 22:00,3,0,1,1,28.7,32.575,54,0
2012-08-28 23:00,3,0,1,1,27.88,31.82,57,0
2012-08-29 0:00,3,0,1,1,27.06,31.06,69,0
2012-08-29 1:00,3,0,1,1,26.24,30.305,69,8.9981
2012-08-29 2:00,3,0,1,1,25.42,29.545,73,8.9981
2012-08-29 3:00,3,0,1,1,25.42,29.545,73,7.0015
2012-08-29 4:00,3,0,1,1,24.6,29.545,73,15.0013
2012-08-29 5:00,3,0,1,1,24.6,29.545,73,12.998
2012-08-29 6:00,3,0,1,1,24.6,29.545,73,12.998
2012-08-29 7:00,3,0,1,1,26.24,30.305,65,6.0032
2012-08-29 8:00,3,0,1,1,27.06,31.06,61,11.0014
2012-08-29 9:00,3,0,1,1,28.7,32.575,51,12.998
2012-08-29 10:00,3,0,1,1,29.52,33.335,48,11.0014
2012-08-29 11:00,3,0,1,1,29.52,32.575,45,0
2012-08-29 12:00,3,0,1,1,31.16,34.09,40,0
2012-08-29 13:00,3,0,1,1,30.34,33.335,42,0
2012-08-29 14:00,3,0,1,1,31.16,34.09,40,6.0032
2012-08-29 15:00,3,0,1,1,31.16,34.09,40,12.998
2012-08-29 16:00,3,0,1,1,31.16,33.335,37,8.9981
2012-08-29 17:00,3,0,1,1,31.98,34.09,35,15.0013
2012-08-29 18:00,3,0,1,1,30.34,33.335,42,11.0014
2012-08-29 19:00,3,0,1,1,28.7,32.575,54,12.998
2012-08-29 20:00,3,0,1,1,27.88,31.82,57,0
2012-08-29 21:00,3,0,1,1,27.06,31.06,54,7.0015
2012-08-29 22:00,3,0,1,1,27.06,31.06,54,0
2012-08-29 23:00,3,0,1,1,27.06,31.06,57,0
2012-08-30 0:00,3,0,1,1,26.24,30.305,69,0
2012-08-30 1:00,3,0,1,1,26.24,30.305,65,0
2012-08-30 2:00,3,0,1,1,25.42,29.545,73,0
2012-08-30 3:00,3,0,1,1,25.42,29.545,73,0
2012-08-30 4:00,3,0,1,1,25.42,29.545,73,0
2012-08-30 5:00,3,0,1,1,25.42,29.545,73,0
2012-08-30 6:00,3,0,1,1,24.6,28.03,83,11.0014
2012-08-30 7:00,3,0,1,1,26.24,30.305,73,0
2012-08-30 8:00,3,0,1,1,27.06,31.06,65,0
2012-08-30 9:00,3,0,1,1,28.7,32.575,58,0
2012-08-30 10:00,3,0,1,1,29.52,33.335,54,0
2012-08-30 11:00,3,0,1,1,31.16,34.09,40,6.0032
2012-08-30 12:00,3,0,1,1,31.16,34.09,45,8.9981
2012-08-30 13:00,3,0,1,1,31.16,34.09,48,7.0015
2012-08-30 14:00,3,0,1,1,31.16,34.09,48,8.9981
2012-08-30 15:00,3,0,1,1,32.8,36.365,46,11.0014
2012-08-30 16:00,3,0,1,1,32.8,36.365,43,11.0014
2012-08-30 17:00,3,0,1,1,33.62,36.365,34,15.0013
2012-08-30 18:00,3,0,1,1,32.8,35.605,38,8.9981
2012-08-30 19:00,3,0,1,1,31.16,34.09,48,8.9981
2012-08-30 20:00,3,0,1,1,30.34,34.09,58,11.0014
2012-08-30 21:00,3,0,1,1,29.52,34.09,66,8.9981
2012-08-30 22:00,3,0,1,1,28.7,32.575,70,0
2012-08-30 23:00,3,0,1,1,28.7,33.335,74,7.0015
2012-08-31 0:00,3,0,1,1,27.88,31.82,83,11.0014
2012-08-31 1:00,3,0,1,1,27.88,31.82,83,11.0014
2012-08-31 2:00,3,0,1,1,27.06,29.545,89,8.9981
2012-08-31 3:00,3,0,1,1,27.06,29.545,89,7.0015
2012-08-31 4:00,3,0,1,1,26.24,28.79,89,8.9981
2012-08-31 5:00,3,0,1,1,26.24,28.79,89,11.0014
2012-08-31 6:00,3,0,1,2,26.24,28.79,89,11.0014
2012-08-31 7:00,3,0,1,2,26.24,28.79,89,6.0032
2012-08-31 8:00,3,0,1,2,28.7,33.335,74,0
2012-08-31 9:00,3,0,1,1,30.34,34.85,70,0
2012-08-31 10:00,3,0,1,1,31.16,35.605,62,6.0032
2012-08-31 11:00,3,0,1,1,35.26,37.12,28,19.9995
2012-08-31 12:00,3,0,1,1,35.26,37.12,26,16.9979
2012-08-31 13:00,3,0,1,1,36.08,37.88,27,22.0028
2012-08-31 14:00,3,0,1,1,36.9,38.635,25,15.0013
2012-08-31 15:00,3,0,1,1,36.9,39.395,27,19.9995
2012-08-31 16:00,3,0,1,1,36.9,39.395,27,16.9979
2012-08-31 17:00,3,0,1,1,36.08,38.635,32,11.0014
2012-08-31 18:00,3,0,1,1,35.26,37.88,36,16.9979
2012-08-31 19:00,3,0,1,1,32.8,37.12,49,8.9981
2012-08-31 20:00,3,0,1,1,32.8,37.12,49,8.9981
2012-08-31 21:00,3,0,1,1,31.16,35.605,58,12.998
2012-08-31 22:00,3,0,1,1,31.16,35.605,58,12.998
2012-08-31 23:00,3,0,1,1,30.34,34.09,62,7.0015
2012-09-20 0:00,3,0,1,1,20.5,24.24,63,0
2012-09-20 1:00,3,0,1,1,18.86,22.725,72,7.0015
2012-09-20 2:00,3,0,1,1,18.86,22.725,72,6.0032
2012-09-20 3:00,3,0,1,1,18.04,21.97,77,0
2012-09-20 4:00,3,0,1,1,18.04,21.97,77,7.0015
2012-09-20 5:00,3,0,1,1,18.04,21.97,77,7.0015
2012-09-20 6:00,3,0,1,1,18.04,21.97,77,0
2012-09-20 7:00,3,0,1,1,18.86,22.725,82,7.0015
2012-09-20 8:00,3,0,1,1,20.5,24.24,68,6.0032
2012-09-20 9:00,3,0,1,1,22.96,26.515,60,6.0032
2012-09-20 10:00,3,0,1,1,23.78,27.275,53,6.0032
2012-09-20 11:00,3,0,1,1,25.42,31.06,43,0
2012-09-20 12:00,3,0,1,1,25.42,31.06,43,8.9981
2012-09-20 13:00,3,0,1,1,26.24,31.06,44,8.9981
2012-09-20 14:00,3,0,1,1,26.24,31.06,47,12.998
2012-09-20 15:00,3,0,1,1,27.06,31.06,47,12.998
2012-09-20 16:00,3,0,1,1,26.24,31.06,47,11.0014
2012-09-20 17:00,3,0,1,1,26.24,31.06,50,15.0013
2012-09-20 18:00,3,0,1,1,24.6,31.06,56,16.9979
2012-09-20 19:00,3,0,1,1,23.78,27.275,60,15.0013
2012-09-20 20:00,3,0,1,1,22.96,26.515,64,8.9981
2012-09-20 21:00,3,0,1,1,22.96,26.515,64,12.998
2012-09-20 22:00,3,0,1,1,22.14,25.76,73,7.0015
2012-09-20 23:00,3,0,1,1,22.14,25.76,68,7.0015
2012-09-21 0:00,3,0,1,1,22.14,25.76,68,0
2012-09-21 1:00,3,0,1,1,21.32,25,72,0
2012-09-21 2:00,3,0,1,1,21.32,25,72,0
2012-09-21 3:00,3,0,1,1,20.5,24.24,77,6.0032
2012-09-21 4:00,3,0,1,1,20.5,24.24,77,0
2012-09-21 5:00,3,0,1,1,20.5,24.24,82,0
2012-09-21 6:00,3,0,1,1,20.5,24.24,77,6.0032
2012-09-21 7:00,3,0,1,1,21.32,25,77,0
2012-09-21 8:00,3,0,1,1,22.14,25.76,73,8.9981
2012-09-21 9:00,3,0,1,1,23.78,27.275,68,8.9981
2012-09-21 10:00,3,0,1,1,25.42,30.305,61,15.0013
2012-09-21 11:00,3,0,1,1,27.06,31.06,57,15.0013
2012-09-21 12:00,3,0,1,1,27.88,31.82,57,11.0014
2012-09-21 13:00,3,0,1,1,28.7,32.575,54,11.0014
2012-09-21 14:00,3,0,1,1,28.7,32.575,54,19.9995
2012-09-21 15:00,3,0,1,1,28.7,32.575,54,15.0013
2012-09-21 16:00,3,0,1,1,28.7,32.575,54,12.998
2012-09-21 17:00,3,0,1,1,27.88,31.82,57,19.0012
2012-09-21 18:00,3,0,1,1,27.06,31.06,61,16.9979
2012-09-21 19:00,3,0,1,1,26.24,30.305,65,16.9979
2012-09-21 20:00,3,0,1,1,25.42,30.305,69,12.998
2012-09-21 21:00,3,0,1,1,24.6,29.545,73,16.9979
2012-09-21 22:00,3,0,1,1,24.6,29.545,73,12.998
2012-09-21 23:00,3,0,1,1,24.6,29.545,73,22.0028
2012-09-22 0:00,3,0,0,1,24.6,29.545,73,19.0012
2012-09-22 1:00,3,0,0,1,23.78,27.275,83,19.9995
2012-09-22 2:00,3,0,0,1,22.96,26.515,88,16.9979
2012-09-22 3:00,3,0,0,1,22.96,26.515,83,19.0012
2012-09-22 4:00,3,0,0,1,22.96,26.515,83,19.0012
2012-09-22 5:00,3,0,0,1,22.96,26.515,83,22.0028
2012-09-22 6:00,3,0,0,1,22.96,26.515,83,19.9995
2012-09-22 7:00,3,0,0,1,23.78,27.275,78,16.9979
2012-09-22 8:00,3,0,0,1,24.6,29.545,73,19.9995
2012-09-22 9:00,3,0,0,1,26.24,30.305,69,16.9979
2012-09-22 10:00,3,0,0,1,27.06,31.06,65,22.0028
2012-09-22 11:00,3,0,0,1,28.7,32.575,58,19.0012
2012-09-22 12:00,3,0,0,1,29.52,33.335,54,19.9995
2012-09-22 13:00,3,0,0,1,30.34,33.335,51,23.9994
2012-09-22 14:00,3,0,0,1,31.16,34.09,48,19.0012
2012-09-22 15:00,3,0,0,1,30.34,33.335,48,26.0027
2012-09-22 16:00,3,0,0,1,30.34,33.335,51,22.0028
2012-09-22 17:00,3,0,0,1,30.34,33.335,51,22.0028
2012-09-22 18:00,3,0,0,1,29.52,33.335,54,19.0012
2012-09-22 19:00,3,0,0,1,28.7,32.575,58,12.998
2012-09-22 20:00,3,0,0,1,28.7,32.575,54,16.9979
2012-09-22 21:00,3,0,0,1,26.24,31.06,57,16.9979
2012-09-22 22:00,3,0,0,1,25.42,31.06,57,12.998
2012-09-22 23:00,3,0,0,1,25.42,31.06,50,12.998
2012-09-23 0:00,4,0,0,1,25.42,31.06,38,16.9979
2012-09-23 1:00,4,0,0,1,22.14,25.76,52,23.9994
2012-09-23 2:00,4,0,0,1,21.32,25,48,16.9979
2012-09-23 3:00,4,0,0,1,19.68,23.485,55,19.9995
2012-09-23 4:00,4,0,0,1,18.86,22.725,55,15.0013
2012-09-23 5:00,4,0,0,1,18.86,22.725,59,16.9979
2012-09-23 6:00,4,0,0,1,18.04,21.97,62,16.9979
2012-09-23 7:00,4,0,0,1,18.86,22.725,59,15.0013
2012-09-23 8:00,4,0,0,1,19.68,23.485,55,23.9994
2012-09-23 9:00,4,0,0,1,20.5,24.24,51,22.0028
2012-09-23 10:00,4,0,0,1,22.14,25.76,45,16.9979
2012-09-23 11:00,4,0,0,1,22.96,26.515,46,16.9979
2012-09-23 12:00,4,0,0,1,22.96,26.515,43,7.0015
2012-09-23 13:00,4,0,0,1,24.6,31.06,38,11.0014
2012-09-23 14:00,4,0,0,1,24.6,31.06,38,12.998
2012-09-23 15:00,4,0,0,1,24.6,31.06,33,15.0013
2012-09-23 16:00,4,0,0,1,24.6,31.06,33,22.0028
2012-09-23 17:00,4,0,0,1,22.96,26.515,35,19.9995
2012-09-23 18:00,4,0,0,1,22.14,25.76,37,12.998
2012-09-23 19:00,4,0,0,1,21.32,25,42,11.0014
2012-09-23 20:00,4,0,0,1,21.32,25,42,11.0014
2012-09-23 21:00,4,0,0,2,21.32,25,48,7.0015
2012-09-23 22:00,4,0,0,1,21.32,25,48,0
2012-09-23 23:00,4,0,0,2,20.5,24.24,59,7.0015
2012-09-24 0:00,4,0,1,1,18.86,22.725,63,12.998
2012-09-24 1:00,4,0,1,1,18.86,22.725,67,8.9981
2012-09-24 2:00,4,0,1,2,18.86,22.725,63,8.9981
2012-09-24 3:00,4,0,1,1,18.86,22.725,63,11.0014
2012-09-24 4:00,4,0,1,1,18.04,21.97,67,7.0015
2012-09-24 5:00,4,0,1,1,18.86,22.725,63,0
2012-09-24 6:00,4,0,1,1,18.86,22.725,59,0
2012-09-24 7:00,4,0,1,1,18.86,22.725,67,8.9981
2012-09-24 8:00,4,0,1,1,20.5,24.24,55,12.998
2012-09-24 9:00,4,0,1,1,21.32,25,52,12.998
2012-09-24 10:00,4,0,1,1,22.14,25.76,49,15.0013
2012-09-24 11:00,4,0,1,1,22.96,26.515,37,12.998
2012-09-24 12:00,4,0,1,1,22.96,26.515,35,19.9995
2012-09-24 13:00,4,0,1,1,24.6,31.06,31,19.9995
2012-09-24 14:00,4,0,1,1,24.6,30.305,28,0
2012-09-24 15:00,4,0,1,1,24.6,31.06,31,0
2012-09-24 16:00,4,0,1,1,23.78,27.275,30,16.9979
2012-09-24 17:00,4,0,1,1,23.78,27.275,30,0
2012-09-24 18:00,4,0,1,1,22.14,25.76,37,11.0014
2012-09-24 19:00,4,0,1,1,21.32,25,39,8.9981
2012-09-24 20:00,4,0,1,1,21.32,25,52,7.0015
2012-09-24 21:00,4,0,1,1,20.5,24.24,51,8.9981
2012-09-24 22:00,4,0,1,1,20.5,24.24,51,15.0013
2012-09-24 23:00,4,0,1,1,18.86,22.725,63,8.9981
2012-09-25 0:00,4,0,1,1,18.86,22.725,67,11.0014
2012-09-25 1:00,4,0,1,1,18.04,21.97,72,8.9981
2012-09-25 2:00,4,0,1,1,17.22,21.21,77,8.9981
2012-09-25 3:00,4,0,1,1,17.22,21.21,71,6.0032
2012-09-25 4:00,4,0,1,1,17.22,21.21,71,8.9981
2012-09-25 5:00,4,0,1,1,17.22,21.21,77,6.0032
2012-09-25 6:00,4,0,1,1,18.04,21.97,77,15.0013
2012-09-25 7:00,4,0,1,1,18.04,21.97,77,12.998
2012-09-25 8:00,4,0,1,1,19.68,23.485,67,12.998
2012-09-25 9:00,4,0,1,1,22.14,25.76,56,16.9979
2012-09-25 10:00,4,0,1,1,22.96,26.515,52,19.9995
2012-09-25 11:00,4,0,1,1,24.6,31.06,46,19.9995
2012-09-25 12:00,4,0,1,1,25.42,31.06,43,19.0012
2012-09-25 13:00,4,0,1,1,26.24,31.06,47,16.9979
2012-09-25 14:00,4,0,1,1,27.06,31.06,39,22.0028
2012-09-25 15:00,4,0,1,1,27.06,31.06,36,22.0028
2012-09-25 16:00,4,0,1,1,27.06,31.06,39,19.9995
2012-09-25 17:00,4,0,1,1,27.06,31.06,39,19.0012
2012-09-25 18:00,4,0,1,1,26.24,31.06,41,15.0013
2012-09-25 19:00,4,0,1,1,25.42,31.06,50,16.9979
2012-09-25 20:00,4,0,1,1,24.6,31.06,56,19.9995
2012-09-25 21:00,4,0,1,1,24.6,31.06,56,19.9995
2012-09-25 22:00,4,0,1,1,24.6,31.06,56,19.0012
2012-09-25 23:00,4,0,1,1,24.6,31.06,56,22.0028
2012-09-26 0:00,4,0,1,1,23.78,27.275,64,19.9995
2012-09-26 1:00,4,0,1,1,23.78,27.275,64,22.0028
2012-09-26 2:00,4,0,1,2,23.78,27.275,64,19.0012
2012-09-26 3:00,4,0,1,2,23.78,27.275,64,19.0012
2012-09-26 4:00,4,0,1,1,22.96,26.515,73,16.9979
2012-09-26 5:00,4,0,1,1,22.96,26.515,73,15.0013
2012-09-26 6:00,4,0,1,1,22.14,25.76,73,12.998
2012-09-26 7:00,4,0,1,1,22.14,25.76,77,8.9981
2012-09-26 8:00,4,0,1,1,22.96,26.515,73,19.9995
2012-09-26 9:00,4,0,1,1,24.6,30.305,64,12.998
2012-09-26 10:00,4,0,1,1,24.6,29.545,73,19.0012
2012-09-26 11:00,4,0,1,1,26.24,31.06,61,16.9979
2012-09-26 12:00,4,0,1,1,27.88,31.82,61,15.0013
2012-09-26 13:00,4,0,1,1,28.7,32.575,58,15.0013
2012-09-26 14:00,4,0,1,1,30.34,33.335,48,19.0012
2012-09-26 15:00,4,0,1,1,30.34,33.335,48,19.9995
2012-09-26 16:00,4,0,1,1,30.34,33.335,45,19.0012
2012-09-26 17:00,4,0,1,1,30.34,33.335,48,19.9995
2012-09-26 18:00,4,0,1,1,30.34,33.335,48,15.0013
2012-09-26 19:00,4,0,1,1,28.7,32.575,54,11.0014
2012-09-26 20:00,4,0,1,1,27.06,31.06,69,12.998
2012-09-26 21:00,4,0,1,1,27.06,31.06,65,12.998
2012-09-26 22:00,4,0,1,3,25.42,30.305,69,12.998
2012-09-26 23:00,4,0,1,2,24.6,28.79,78,16.9979
2012-09-27 0:00,4,0,1,1,24.6,28.79,78,6.0032
2012-09-27 1:00,4,0,1,1,24.6,28.79,78,6.0032
2012-09-27 2:00,4,0,1,1,24.6,28.79,78,6.0032
2012-09-27 3:00,4,0,1,1,24.6,28.79,78,0
2012-09-27 4:00,4,0,1,1,22.96,26.515,94,8.9981
2012-09-27 5:00,4,0,1,1,23.78,27.275,83,0
2012-09-27 6:00,4,0,1,1,22.96,26.515,88,6.0032
2012-09-27 7:00,4,0,1,1,24.6,28.79,78,0
2012-09-27 8:00,4,0,1,1,25.42,30.305,71,6.0032
2012-09-27 9:00,4,0,1,1,27.06,31.06,65,0
2012-09-27 10:00,4,0,1,2,28.7,32.575,51,19.0012
2012-09-27 11:00,4,0,1,2,29.52,33.335,51,11.0014
2012-09-27 12:00,4,0,1,2,30.34,33.335,48,8.9981
2012-09-27 13:00,4,0,1,2,30.34,33.335,48,0
2012-09-27 14:00,4,0,1,2,31.16,34.09,45,6.0032
2012-09-27 15:00,4,0,1,2,31.16,34.09,45,0
2012-09-27 16:00,4,0,1,2,29.52,33.335,58,22.0028
2012-09-27 17:00,4,0,1,2,27.06,31.06,69,19.9995
2012-09-27 18:00,4,0,1,2,27.06,31.06,69,15.0013
2012-09-27 19:00,4,0,1,1,27.06,31.06,65,8.9981
2012-09-27 20:00,4,0,1,2,26.24,30.305,69,15.0013
2012-09-27 21:00,4,0,1,3,25.42,28.79,83,19.9995
2012-09-27 22:00,4,0,1,3,25.42,28.79,83,19.9995
2012-09-27 23:00,4,0,1,3,25.42,28.79,83,11.0014
2012-09-28 0:00,4,0,1,3,24.6,27.275,88,11.0014
2012-09-28 1:00,4,0,1,3,24.6,27.275,88,0
2012-09-28 2:00,4,0,1,3,24.6,27.275,88,19.9995
2012-09-28 3:00,4,0,1,2,24.6,28.03,83,8.9981
2012-09-28 4:00,4,0,1,3,22.96,26.515,88,7.0015
2012-09-28 5:00,4,0,1,1,22.96,26.515,88,0
2012-09-28 6:00,4,0,1,2,22.96,26.515,94,6.0032
2012-09-28 7:00,4,0,1,2,22.96,26.515,94,0
2012-09-28 8:00,4,0,1,1,24.6,28.03,83,6.0032
2012-09-28 9:00,4,0,1,2,25.42,28.79,83,7.0015
2012-09-28 10:00,4,0,1,2,26.24,29.545,78,8.9981
2012-09-28 11:00,4,0,1,2,27.06,31.06,69,0
2012-09-28 12:00,4,0,1,2,28.7,32.575,54,16.9979
2012-09-28 13:00,4,0,1,2,28.7,32.575,51,16.9979
2012-09-28 14:00,4,0,1,2,28.7,32.575,54,16.9979
2012-09-28 15:00,4,0,1,2,27.88,31.82,54,19.0012
2012-09-28 16:00,4,0,1,2,27.06,31.06,50,15.0013
2012-09-28 17:00,4,0,1,2,27.06,31.06,54,19.9995
2012-09-28 18:00,4,0,1,2,26.24,31.06,50,15.0013
2012-09-28 19:00,4,0,1,3,25.42,31.06,50,16.9979
2012-09-28 20:00,4,0,1,3,24.6,31.06,53,11.0014
2012-09-28 21:00,4,0,1,3,24.6,31.06,53,12.998
2012-09-28 22:00,4,0,1,2,23.78,27.275,53,15.0013
2012-09-28 23:00,4,0,1,2,22.96,26.515,56,12.998
2012-09-29 0:00,4,0,0,1,22.14,25.76,60,15.0013
2012-09-29 1:00,4,0,0,1,22.14,25.76,60,15.0013
2012-09-29 2:00,4,0,0,2,22.14,25.76,56,15.0013
2012-09-29 3:00,4,0,0,2,21.32,25,59,12.998
2012-09-29 4:00,4,0,0,1,21.32,25,59,16.9979
2012-09-29 5:00,4,0,0,1,20.5,24.24,63,12.998
2012-09-29 6:00,4,0,0,1,20.5,24.24,63,16.9979
2012-09-29 7:00,4,0,0,1,19.68,23.485,67,19.0012
2012-09-29 8:00,4,0,0,1,20.5,24.24,68,19.0012
2012-09-29 9:00,4,0,0,1,20.5,24.24,63,12.998
2012-09-29 10:00,4,0,0,1,22.14,25.76,56,16.9979
2012-09-29 11:00,4,0,0,1,22.96,26.515,52,19.0012
2012-09-29 12:00,4,0,0,1,25.42,31.06,41,19.9995
2012-09-29 13:00,4,0,0,1,25.42,31.06,41,19.9995
2012-09-29 14:00,4,0,0,1,24.6,31.06,40,16.9979
2012-09-29 15:00,4,0,0,1,24.6,31.06,43,16.9979
2012-09-29 16:00,4,0,0,1,25.42,31.06,41,16.9979
2012-09-29 17:00,4,0,0,1,24.6,31.06,38,23.9994
2012-09-29 18:00,4,0,0,1,22.96,26.515,46,12.998
2012-09-29 19:00,4,0,0,1,21.32,25,55,11.0014
2012-09-29 20:00,4,0,0,1,21.32,25,55,12.998
2012-09-29 21:00,4,0,0,1,21.32,25,55,8.9981
2012-09-29 22:00,4,0,0,1,20.5,24.24,63,7.0015
2012-09-29 23:00,4,0,0,1,20.5,24.24,59,6.0032
2012-09-30 0:00,4,0,0,1,20.5,24.24,59,0
2012-09-30 1:00,4,0,0,1,20.5,24.24,59,0
2012-09-30 2:00,4,0,0,1,19.68,23.485,63,0
2012-09-30 3:00,4,0,0,1,18.86,22.725,67,6.0032
2012-09-30 4:00,4,0,0,1,18.86,22.725,67,6.0032
2012-09-30 5:00,4,0,0,1,18.04,21.97,72,0
2012-09-30 6:00,4,0,0,1,18.04,21.97,72,6.0032
2012-09-30 7:00,4,0,0,1,18.04,21.97,77,0
2012-09-30 8:00,4,0,0,1,19.68,23.485,67,7.0015
2012-09-30 9:00,4,0,0,1,21.32,25,63,7.0015
2012-09-30 10:00,4,0,0,1,23.78,27.275,46,11.0014
2012-09-30 11:00,4,0,0,1,24.6,31.06,43,15.0013
2012-09-30 12:00,4,0,0,1,25.42,31.06,41,19.9995
2012-09-30 13:00,4,0,0,1,25.42,31.06,41,16.9979
2012-09-30 14:00,4,0,0,1,25.42,31.06,41,16.9979
2012-09-30 15:00,4,0,0,1,26.24,31.06,36,16.9979
2012-09-30 16:00,4,0,0,1,26.24,31.06,36,15.0013
2012-09-30 17:00,4,0,0,1,25.42,31.06,35,19.0012
2012-09-30 18:00,4,0,0,1,21.32,25,59,30.0026
2012-09-30 19:00,4,0,0,3,20.5,24.24,72,8.9981
2012-09-30 20:00,4,0,0,3,20.5,24.24,72,8.9981
2012-09-30 21:00,4,0,0,1,20.5,24.24,68,0
2012-09-30 22:00,4,0,0,1,19.68,23.485,72,0
2012-09-30 23:00,4,0,0,1,19.68,23.485,72,6.0032
2012-10-20 0:00,4,0,0,1,18.86,22.725,82,8.9981
2012-10-20 1:00,4,0,0,1,18.86,22.725,72,8.9981
2012-10-20 2:00,4,0,0,1,18.04,21.97,77,7.0015
2012-10-20 3:00,4,0,0,1,17.22,21.21,77,8.9981
2012-10-20 4:00,4,0,0,1,18.04,21.97,72,0
2012-10-20 5:00,4,0,0,1,16.4,20.455,82,0
2012-10-20 6:00,4,0,0,1,17.22,21.21,71,0
2012-10-20 7:00,4,0,0,1,16.4,20.455,82,0
2012-10-20 8:00,4,0,0,1,18.86,22.725,67,8.9981
2012-10-20 9:00,4,0,0,1,20.5,24.24,59,8.9981
2012-10-20 10:00,4,0,0,1,21.32,25,52,8.9981
2012-10-20 11:00,4,0,0,1,22.14,25.76,52,15.0013
2012-10-20 12:00,4,0,0,1,22.96,26.515,46,7.0015
2012-10-20 13:00,4,0,0,1,22.96,26.515,43,11.0014
2012-10-20 14:00,4,0,0,1,22.96,26.515,40,0
2012-10-20 15:00,4,0,0,1,22.96,26.515,43,0
2012-10-20 16:00,4,0,0,1,22.14,25.76,42,19.0012
2012-10-20 17:00,4,0,0,1,22.14,25.76,37,15.0013
2012-10-20 18:00,4,0,0,1,21.32,25,39,15.0013
2012-10-20 19:00,4,0,0,1,20.5,24.24,45,8.9981
2012-10-20 20:00,4,0,0,1,20.5,24.24,39,15.0013
2012-10-20 21:00,4,0,0,1,18.86,22.725,47,15.0013
2012-10-20 22:00,4,0,0,1,18.04,21.97,51,7.0015
2012-10-20 23:00,4,0,0,1,17.22,21.21,58,0
2012-10-21 0:00,4,0,0,1,18.04,21.97,54,11.0014
2012-10-21 1:00,4,0,0,1,17.22,21.21,58,15.0013
2012-10-21 2:00,4,0,0,1,16.4,20.455,62,11.0014
2012-10-21 3:00,4,0,0,1,15.58,19.695,66,6.0032
2012-10-21 4:00,4,0,0,1,14.76,17.425,71,11.0014
2012-10-21 5:00,4,0,0,1,15.58,19.695,66,6.0032
2012-10-21 6:00,4,0,0,1,16.4,20.455,62,0
2012-10-21 7:00,4,0,0,1,16.4,20.455,62,0
2012-10-21 8:00,4,0,0,1,17.22,21.21,67,0
2012-10-21 9:00,4,0,0,1,18.86,22.725,55,11.0014
2012-10-21 10:00,4,0,0,1,20.5,24.24,48,19.9995
2012-10-21 11:00,4,0,0,1,21.32,25,44,22.0028
2012-10-21 12:00,4,0,0,1,22.14,25.76,39,22.0028
2012-10-21 13:00,4,0,0,1,22.96,26.515,37,16.9979
2012-10-21 14:00,4,0,0,1,22.96,26.515,35,12.998
2012-10-21 15:00,4,0,0,1,22.96,26.515,35,22.0028
2012-10-21 16:00,4,0,0,1,22.14,25.76,37,15.0013
2012-10-21 17:00,4,0,0,1,21.32,25,39,16.9979
2012-10-21 18:00,4,0,0,1,21.32,25,39,12.998
2012-10-21 19:00,4,0,0,1,20.5,24.24,42,11.0014
2012-10-21 20:00,4,0,0,1,19.68,23.485,44,12.998
2012-10-21 21:00,4,0,0,1,17.22,21.21,54,11.0014
2012-10-21 22:00,4,0,0,1,17.22,21.21,54,0
2012-10-21 23:00,4,0,0,1,18.04,21.97,54,0
2012-10-22 0:00,4,0,1,1,16.4,20.455,62,0
2012-10-22 1:00,4,0,1,1,16.4,20.455,71,0
2012-10-22 2:00,4,0,1,1,15.58,19.695,71,0
2012-10-22 3:00,4,0,1,1,16.4,20.455,62,0
2012-10-22 4:00,4,0,1,1,15.58,19.695,66,0
2012-10-22 5:00,4,0,1,1,15.58,19.695,76,6.0032
2012-10-22 6:00,4,0,1,1,14.76,18.18,76,6.0032
2012-10-22 7:00,4,0,1,1,15.58,19.695,66,6.0032
2012-10-22 8:00,4,0,1,1,18.04,21.97,67,0
2012-10-22 9:00,4,0,1,1,18.86,22.725,63,6.0032
2012-10-22 10:00,4,0,1,1,20.5,24.24,55,0
2012-10-22 11:00,4,0,1,1,22.96,26.515,37,11.0014
2012-10-22 12:00,4,0,1,1,23.78,27.275,35,0
2012-10-22 13:00,4,0,1,1,25.42,31.06,29,11.0014
2012-10-22 14:00,4,0,1,1,25.42,30.305,27,12.998
2012-10-22 15:00,4,0,1,1,26.24,31.06,29,11.0014
2012-10-22 16:00,4,0,1,1,25.42,31.06,33,11.0014
2012-10-22 17:00,4,0,1,1,25.42,31.06,33,7.0015
2012-10-22 18:00,4,0,1,1,22.14,25.76,64,7.0015
2012-10-22 19:00,4,0,1,1,21.32,25,52,7.0015
2012-10-22 20:00,4,0,1,1,20.5,24.24,59,7.0015
2012-10-22 21:00,4,0,1,1,19.68,23.485,67,6.0032
2012-10-22 22:00,4,0,1,1,18.86,22.725,82,8.9981
2012-10-22 23:00,4,0,1,1,18.86,22.725,82,7.0015
2012-10-23 0:00,4,0,1,1,18.86,22.725,88,11.0014
2012-10-23 1:00,4,0,1,1,18.86,22.725,77,11.0014
2012-10-23 2:00,4,0,1,1,18.04,21.97,88,8.9981
2012-10-23 3:00,4,0,1,1,18.04,21.97,77,8.9981
2012-10-23 4:00,4,0,1,1,17.22,21.21,77,7.0015
2012-10-23 5:00,4,0,1,1,18.04,21.97,77,6.0032
2012-10-23 6:00,4,0,1,1,16.4,20.455,82,6.0032
2012-10-23 7:00,4,0,1,2,18.04,21.97,77,7.0015
2012-10-23 8:00,4,0,1,2,18.86,22.725,72,6.0032
2012-10-23 9:00,4,0,1,2,20.5,24.24,72,7.0015
2012-10-23 10:00,4,0,1,1,22.14,25.76,60,0
2012-10-23 11:00,4,0,1,1,24.6,31.06,53,0
2012-10-23 12:00,4,0,1,2,25.42,31.06,46,6.0032
2012-10-23 13:00,4,0,1,2,26.24,31.06,44,0
2012-10-23 14:00,4,0,1,1,27.88,31.82,41,11.0014
2012-10-23 15:00,4,0,1,1,27.88,31.82,41,15.0013
2012-10-23 16:00,4,0,1,1,27.88,31.82,44,6.0032
2012-10-23 17:00,4,0,1,1,27.88,31.82,41,0
2012-10-23 18:00,4,0,1,1,25.42,31.06,53,6.0032
2012-10-23 19:00,4,0,1,1,25.42,31.06,57,6.0032
2012-10-23 20:00,4,0,1,1,23.78,27.275,64,8.9981
2012-10-23 21:00,4,0,1,1,22.96,26.515,68,0
2012-10-23 22:00,4,0,1,1,22.96,26.515,68,7.0015
2012-10-23 23:00,4,0,1,1,22.14,25.76,73,7.0015
2012-10-24 0:00,4,0,1,1,22.14,25.76,73,6.0032
2012-10-24 1:00,4,0,1,1,22.14,25.76,68,0
2012-10-24 2:00,4,0,1,1,22.14,25.76,68,0
2012-10-24 3:00,4,0,1,1,20.5,24.24,77,6.0032
2012-10-24 4:00,4,0,1,1,20.5,24.24,77,6.0032
2012-10-24 5:00,4,0,1,1,20.5,24.24,82,0
2012-10-24 6:00,4,0,1,1,19.68,23.485,82,7.0015
2012-10-24 7:00,4,0,1,1,20.5,24.24,88,6.0032
2012-10-24 8:00,4,0,1,2,21.32,25,83,7.0015
2012-10-24 9:00,4,0,1,2,21.32,25,77,6.0032
2012-10-24 10:00,4,0,1,2,22.14,25.76,73,0
2012-10-24 11:00,4,0,1,1,23.78,27.275,64,0
2012-10-24 12:00,4,0,1,1,25.42,30.305,61,6.0032
2012-10-24 13:00,4,0,1,1,27.06,31.06,54,0
2012-10-24 14:00,4,0,1,1,30.34,32.575,30,16.9979
2012-10-24 15:00,4,0,1,1,28.7,31.82,39,7.0015
2012-10-24 16:00,4,0,1,1,30.34,32.575,33,8.9981
2012-10-24 17:00,4,0,1,1,27.06,31.06,47,0
2012-10-24 18:00,4,0,1,1,27.06,31.06,44,0
2012-10-24 19:00,4,0,1,2,26.24,31.06,53,6.0032
2012-10-24 20:00,4,0,1,2,25.42,30.305,61,6.0032
2012-10-24 21:00,4,0,1,2,25.42,30.305,61,7.0015
2012-10-24 22:00,4,0,1,2,24.6,30.305,64,8.9981
2012-10-24 23:00,4,0,1,2,23.78,27.275,68,6.0032
2012-10-25 0:00,4,0,1,2,24.6,30.305,64,7.0015
2012-10-25 1:00,4,0,1,1,23.78,27.275,68,0
2012-10-25 2:00,4,0,1,1,22.14,25.76,77,0
2012-10-25 3:00,4,0,1,2,21.32,25,88,8.9981
2012-10-25 4:00,4,0,1,2,21.32,25,88,7.0015
2012-10-25 5:00,4,0,1,2,21.32,25,88,11.0014
2012-10-25 6:00,4,0,1,2,21.32,25,88,12.998
2012-10-25 7:00,4,0,1,2,21.32,25,88,12.998
2012-10-25 8:00,4,0,1,2,21.32,25,83,11.0014
2012-10-25 9:00,4,0,1,2,21.32,25,83,12.998
2012-10-25 10:00,4,0,1,2,22.14,25.76,83,8.9981
2012-10-25 11:00,4,0,1,2,22.14,25.76,83,7.0015
2012-10-25 12:00,4,0,1,2,22.96,26.515,78,7.0015
2012-10-25 13:00,4,0,1,2,22.96,26.515,78,0
2012-10-25 14:00,4,0,1,1,24.6,29.545,73,8.9981
2012-10-25 15:00,4,0,1,1,25.42,30.305,65,8.9981
2012-10-25 16:00,4,0,1,1,24.6,29.545,69,11.0014
2012-10-25 17:00,4,0,1,1,24.6,29.545,69,11.0014
2012-10-25 18:00,4,0,1,1,22.96,26.515,83,7.0015
2012-10-25 19:00,4,0,1,1,22.14,25.76,83,12.998
2012-10-25 20:00,4,0,1,2,21.32,25,88,8.9981
2012-10-25 21:00,4,0,1,2,21.32,25,88,8.9981
2012-10-25 22:00,4,0,1,2,22.14,25.76,83,6.0032
2012-10-25 23:00,4,0,1,2,22.14,25.76,83,8.9981
2012-10-26 0:00,4,0,1,2,22.14,25.76,77,0
2012-10-26 1:00,4,0,1,2,21.32,25,88,6.0032
2012-10-26 2:00,4,0,1,2,21.32,25,88,7.0015
2012-10-26 3:00,4,0,1,2,21.32,25,88,11.0014
2012-10-26 4:00,4,0,1,2,21.32,25,88,11.0014
2012-10-26 5:00,4,0,1,2,21.32,25,88,7.0015
2012-10-26 6:00,4,0,1,2,21.32,25,88,6.0032
2012-10-26 7:00,4,0,1,2,21.32,25,88,7.0015
2012-10-26 8:00,4,0,1,2,22.14,25.76,88,8.9981
2012-10-26 9:00,4,0,1,2,22.14,25.76,88,8.9981
2012-10-26 10:00,4,0,1,2,22.14,25.76,88,7.0015
2012-10-26 11:00,4,0,1,2,22.96,26.515,78,11.0014
2012-10-26 12:00,4,0,1,2,23.78,27.275,73,12.998
2012-10-26 13:00,4,0,1,2,23.78,27.275,68,8.9981
2012-10-26 14:00,4,0,1,2,24.6,30.305,64,8.9981
2012-10-26 15:00,4,0,1,2,25.42,30.305,61,7.0015
2012-10-26 16:00,4,0,1,2,23.78,27.275,73,11.0014
2012-10-26 17:00,4,0,1,2,22.96,26.515,76,12.998
2012-10-26 18:00,4,0,1,2,22.96,26.515,78,8.9981
2012-10-26 19:00,4,0,1,2,22.14,25.76,83,11.0014
2012-10-26 20:00,4,0,1,2,22.14,25.76,83,11.0014
2012-10-26 21:00,4,0,1,2,22.14,25.76,77,8.9981
2012-10-26 22:00,4,0,1,2,21.32,25,83,8.9981
2012-10-26 23:00,4,0,1,1,21.32,25,83,11.0014
2012-10-27 0:00,4,0,0,1,20.5,24.24,88,8.9981
2012-10-27 1:00,4,0,0,2,20.5,24.24,88,8.9981
2012-10-27 2:00,4,0,0,2,20.5,24.24,88,12.998
2012-10-27 3:00,4,0,0,1,20.5,24.24,88,11.0014
2012-10-27 4:00,4,0,0,2,20.5,24.24,88,11.0014
2012-10-27 5:00,4,0,0,2,20.5,24.24,82,12.998
2012-10-27 6:00,4,0,0,2,20.5,24.24,82,12.998
2012-10-27 7:00,4,0,0,1,19.68,23.485,83,12.998
2012-10-27 8:00,4,0,0,1,20.5,24.24,77,16.9979
2012-10-27 9:00,4,0,0,1,20.5,24.24,77,16.9979
2012-10-27 10:00,4,0,0,1,22.14,25.76,73,19.0012
2012-10-27 11:00,4,0,0,1,22.96,26.515,64,19.0012
2012-10-27 12:00,4,0,0,1,24.6,31.06,53,16.9979
2012-10-27 13:00,4,0,0,1,24.6,31.06,43,16.9979
2012-10-27 14:00,4,0,0,1,24.6,31.06,46,16.9979
2012-10-27 15:00,4,0,0,2,22.96,26.515,60,19.0012
2012-10-27 16:00,4,0,0,2,22.96,26.515,64,19.0012
2012-10-27 17:00,4,0,0,2,22.96,26.515,64,19.0012
2012-10-27 18:00,4,0,0,2,22.96,26.515,64,19.0012
2012-10-27 19:00,4,0,0,2,21.32,25,72,15.0013
2012-10-27 20:00,4,0,0,2,21.32,25,72,15.0013
2012-10-27 21:00,4,0,0,2,21.32,25,72,15.0013
2012-10-27 22:00,4,0,0,2,21.32,25,72,16.9979
2012-10-27 23:00,4,0,0,2,21.32,25,68,26.0027
2012-10-28 0:00,4,0,0,3,21.32,25,68,19.9995
2012-10-28 1:00,4,0,0,2,20.5,24.24,72,19.0012
2012-10-28 2:00,4,0,0,2,20.5,24.24,68,19.9995
2012-10-28 3:00,4,0,0,2,20.5,24.24,63,22.0028
2012-10-28 4:00,4,0,0,2,20.5,24.24,63,23.9994
2012-10-28 5:00,4,0,0,2,20.5,24.24,63,19.9995
2012-10-28 6:00,4,0,0,2,20.5,24.24,59,22.0028
2012-10-28 7:00,4,0,0,2,20.5,24.24,59,19.9995
2012-10-28 8:00,4,0,0,2,20.5,24.24,59,36.9974
2012-10-28 9:00,4,0,0,2,20.5,24.24,55,27.9993
2012-10-28 10:00,4,0,0,2,19.68,23.485,51,27.9993
2012-10-28 11:00,4,0,0,2,20.5,24.24,51,26.0027
2012-10-28 12:00,4,0,0,2,19.68,23.485,59,32.9975
2012-10-28 13:00,4,0,0,2,19.68,23.485,59,27.9993
2012-10-28 14:00,4,0,0,2,20.5,24.24,59,30.0026
2012-10-28 15:00,4,0,0,2,20.5,24.24,63,32.9975
2012-10-28 16:00,4,0,0,3,19.68,23.485,67,31.0009
2012-10-28 17:00,4,0,0,3,18.86,22.725,77,35.0008
2012-10-28 18:00,4,0,0,3,17.22,21.21,94,32.9975
2012-10-28 19:00,4,0,0,3,17.22,21.21,94,23.9994
2012-10-28 20:00,4,0,0,3,17.22,21.21,94,31.0009
2012-10-28 21:00,4,0,0,3,18.04,21.97,88,27.9993
2012-10-28 22:00,4,0,0,3,18.04,21.97,88,23.9994
2012-10-28 23:00,4,0,0,3,17.22,21.21,94,23.9994
2012-10-29 0:00,4,0,1,3,18.04,21.97,88,23.9994
2012-10-30 13:00,4,0,1,3,12.3,13.635,81,23.9994
2012-10-30 14:00,4,0,1,3,12.3,13.635,81,23.9994
2012-10-30 15:00,4,0,1,3,12.3,14.395,87,16.9979
2012-10-30 16:00,4,0,1,3,12.3,14.395,87,16.9979
2012-10-30 17:00,4,0,1,3,12.3,14.395,87,15.0013
2012-10-30 18:00,4,0,1,3,12.3,15.15,87,8.9981
2012-10-30 19:00,4,0,1,2,20.5,24.24,68,12.998
2012-10-30 20:00,4,0,1,2,12.3,14.395,81,12.998
2012-10-30 21:00,4,0,1,2,12.3,15.91,87,7.0015
2012-10-30 22:00,4,0,1,1,12.3,15.15,81,8.9981
2012-10-30 23:00,4,0,1,1,12.3,15.15,81,8.9981
2012-10-31 0:00,4,0,1,2,12.3,15.91,81,7.0015
2012-10-31 1:00,4,0,1,2,12.3,15.91,81,6.0032
2012-10-31 2:00,4,0,1,2,12.3,15.15,81,8.9981
2012-10-31 3:00,4,0,1,2,12.3,15.91,81,7.0015
2012-10-31 4:00,4,0,1,2,12.3,14.395,87,12.998
2012-10-31 5:00,4,0,1,2,12.3,15.15,81,8.9981
2012-10-31 6:00,4,0,1,1,12.3,15.15,81,11.0014
2012-10-31 7:00,4,0,1,2,12.3,15.15,87,8.9981
2012-10-31 8:00,4,0,1,1,13.12,16.665,81,8.9981
2012-10-31 9:00,4,0,1,1,13.94,16.665,76,8.9981
2012-10-31 10:00,4,0,1,1,14.76,16.665,71,19.0012
2012-10-31 11:00,4,0,1,2,14.76,17.425,66,15.0013
2012-10-31 12:00,4,0,1,1,16.4,20.455,58,12.998
2012-10-31 13:00,4,0,1,1,17.22,21.21,50,15.0013
2012-10-31 14:00,4,0,1,2,17.22,21.21,50,15.0013
2012-10-31 15:00,4,0,1,1,17.22,21.21,54,11.0014
2012-10-31 16:00,4,0,1,2,17.22,21.21,54,15.0013
2012-10-31 17:00,4,0,1,2,16.4,20.455,58,11.0014
2012-10-31 18:00,4,0,1,2,16.4,20.455,58,11.0014
2012-10-31 19:00,4,0,1,2,16.4,20.455,50,12.998
2012-10-31 20:00,4,0,1,2,16.4,20.455,50,12.998
2012-10-31 21:00,4,0,1,2,16.4,20.455,50,12.998
2012-10-31 22:00,4,0,1,1,14.76,17.425,57,8.9981
2012-10-31 23:00,4,0,1,1,14.76,18.18,57,6.0032
2012-11-20 0:00,4,0,1,1,13.12,16.665,70,8.9981
2012-11-20 1:00,4,0,1,1,13.94,17.425,66,7.0015
2012-11-20 2:00,4,0,1,2,13.12,16.665,76,6.0032
2012-11-20 3:00,4,0,1,2,13.94,17.425,71,7.0015
2012-11-20 4:00,4,0,1,2,13.94,16.665,66,12.998
2012-11-20 5:00,4,0,1,2,13.94,16.665,66,8.9981
2012-11-20 6:00,4,0,1,2,13.94,16.665,71,11.0014
2012-11-20 7:00,4,0,1,1,13.12,16.665,76,6.0032
2012-11-20 8:00,4,0,1,1,13.94,16.665,71,8.9981
2012-11-20 9:00,4,0,1,2,14.76,18.94,71,0
2012-11-20 10:00,4,0,1,2,16.4,20.455,66,6.0032
2012-11-20 11:00,4,0,1,2,17.22,21.21,67,6.0032
2012-11-20 12:00,4,0,1,2,17.22,21.21,67,0
2012-11-20 13:00,4,0,1,2,18.04,21.97,58,0
2012-11-20 14:00,4,0,1,2,18.04,21.97,58,7.0015
2012-11-20 15:00,4,0,1,2,18.86,22.725,55,7.0015
2012-11-20 16:00,4,0,1,2,17.22,21.21,62,6.0032
2012-11-20 17:00,4,0,1,2,16.4,20.455,71,11.0014
2012-11-20 18:00,4,0,1,2,16.4,20.455,66,6.0032
2012-11-20 19:00,4,0,1,2,16.4,20.455,71,0
2012-11-20 20:00,4,0,1,2,15.58,19.695,76,0
2012-11-20 21:00,4,0,1,1,14.76,18.94,71,0
2012-11-20 22:00,4,0,1,1,14.76,18.94,71,0
2012-11-20 23:00,4,0,1,1,13.12,16.665,81,7.0015
2012-11-21 0:00,4,0,1,1,13.94,18.18,81,0
2012-11-21 1:00,4,0,1,1,13.12,16.665,81,7.0015
2012-11-21 2:00,4,0,1,1,11.48,14.395,87,7.0015
2012-11-21 3:00,4,0,1,1,11.48,14.395,87,7.0015
2012-11-21 4:00,4,0,1,1,11.48,14.395,87,7.0015
2012-11-21 5:00,4,0,1,1,11.48,14.395,87,7.0015
2012-11-21 6:00,4,0,1,1,11.48,15.15,87,6.0032
2012-11-21 7:00,4,0,1,1,10.66,14.395,87,6.0032
2012-11-21 8:00,4,0,1,2,11.48,15.15,81,6.0032
2012-11-21 9:00,4,0,1,1,13.12,16.665,76,6.0032
2012-11-21 10:00,4,0,1,1,14.76,18.94,62,0
2012-11-21 11:00,4,0,1,1,16.4,20.455,50,12.998
2012-11-21 12:00,4,0,1,1,18.04,21.97,41,12.998
2012-11-21 13:00,4,0,1,1,18.04,21.97,35,15.0013
2012-11-21 14:00,4,0,1,1,18.86,22.725,33,12.998
2012-11-21 15:00,4,0,1,1,18.86,22.725,36,6.0032
2012-11-21 16:00,4,0,1,1,18.04,21.97,33,8.9981
2012-11-21 17:00,4,0,1,1,16.4,20.455,40,11.0014
2012-11-21 18:00,4,0,1,1,17.22,21.21,38,7.0015
2012-11-21 19:00,4,0,1,1,15.58,19.695,43,12.998
2012-11-21 20:00,4,0,1,1,13.94,17.425,61,7.0015
2012-11-21 21:00,4,0,1,1,14.76,18.94,50,0
2012-11-21 22:00,4,0,1,1,13.94,18.18,49,0
2012-11-21 23:00,4,0,1,1,13.12,17.425,61,0
2012-11-22 0:00,4,1,0,1,13.12,16.665,66,6.0032
2012-11-22 1:00,4,1,0,1,11.48,15.15,65,6.0032
2012-11-22 2:00,4,1,0,1,9.84,12.88,75,6.0032
2012-11-22 3:00,4,1,0,1,9.84,12.88,75,7.0015
2012-11-22 4:00,4,1,0,1,9.02,11.365,80,8.9981
2012-11-22 5:00,4,1,0,1,9.84,12.88,75,7.0015
2012-11-22 6:00,4,1,0,1,10.66,13.635,70,7.0015
2012-11-22 7:00,4,1,0,1,9.02,11.365,75,8.9981
2012-11-22 8:00,4,1,0,1,9.84,12.12,75,8.9981
2012-11-22 9:00,4,1,0,1,12.3,16.665,65,0
2012-11-22 10:00,4,1,0,1,14.76,18.18,57,7.0015
2012-11-22 11:00,4,1,0,1,17.22,21.21,41,6.0032
2012-11-22 12:00,4,1,0,1,18.04,21.97,35,0
2012-11-22 13:00,4,1,0,1,18.86,22.725,31,0
2012-11-22 14:00,4,1,0,1,19.68,23.485,29,0
2012-11-22 15:00,4,1,0,1,19.68,23.485,29,0
2012-11-22 16:00,4,1,0,1,18.86,22.725,33,0
2012-11-22 17:00,4,1,0,1,18.04,21.97,35,0
2012-11-22 18:00,4,1,0,1,16.4,20.455,43,0
2012-11-22 19:00,4,1,0,1,14.76,18.94,76,0
2012-11-22 20:00,4,1,0,1,13.94,18.18,71,0
2012-11-22 21:00,4,1,0,1,13.94,17.425,61,6.0032
2012-11-22 22:00,4,1,0,1,13.12,17.425,61,0
2012-11-22 23:00,4,1,0,1,12.3,16.665,70,0
2012-11-23 0:00,4,0,1,1,11.48,15.91,65,0
2012-11-23 1:00,4,0,1,1,11.48,15.15,81,6.0032
2012-11-23 2:00,4,0,1,1,10.66,14.395,75,6.0032
2012-11-23 3:00,4,0,1,1,10.66,15.15,70,0
2012-11-23 4:00,4,0,1,1,9.84,12.88,75,7.0015
2012-11-23 5:00,4,0,1,1,9.84,14.395,81,0
2012-11-23 6:00,4,0,1,1,9.84,14.395,81,0
2012-11-23 7:00,4,0,1,1,9.84,14.395,81,0
2012-11-23 8:00,4,0,1,1,9.84,12.88,87,6.0032
2012-11-23 9:00,4,0,1,1,11.48,14.395,75,7.0015
2012-11-23 10:00,4,0,1,1,13.94,16.665,61,11.0014
2012-11-23 11:00,4,0,1,1,16.4,20.455,50,12.998
2012-11-23 12:00,4,0,1,1,18.04,21.97,38,16.9979
2012-11-23 13:00,4,0,1,1,18.86,22.725,38,19.0012
2012-11-23 14:00,4,0,1,1,20.5,24.24,36,16.9979
2012-11-23 15:00,4,0,1,1,19.68,23.485,41,16.9979
2012-11-23 16:00,4,0,1,2,19.68,23.485,41,7.0015
2012-11-23 17:00,4,0,1,2,19.68,23.485,39,6.0032
2012-11-23 18:00,4,0,1,2,18.86,22.725,44,0
2012-11-23 19:00,4,0,1,2,18.86,22.725,47,11.0014
2012-11-23 20:00,4,0,1,1,18.86,22.725,41,6.0032
2012-11-23 21:00,4,0,1,1,18.86,22.725,47,16.9979
2012-11-23 22:00,4,0,1,1,18.04,21.97,33,35.0008
2012-11-23 23:00,4,0,1,1,17.22,21.21,38,30.0026
2012-11-24 0:00,4,0,0,1,16.4,20.455,37,27.9993
2012-11-24 1:00,4,0,0,1,13.94,14.395,42,32.9975
2012-11-24 2:00,4,0,0,1,13.12,13.635,39,40.9973
2012-11-24 3:00,4,0,0,1,11.48,12.88,41,23.9994
2012-11-24 4:00,4,0,0,1,10.66,10.605,41,30.0026
2012-11-24 5:00,4,0,0,1,10.66,11.365,41,22.0028
2012-11-24 6:00,4,0,0,1,9.84,10.605,44,19.0012
2012-11-24 7:00,4,0,0,2,10.66,11.365,41,22.0028
2012-11-24 8:00,4,0,0,2,10.66,10.605,44,31.0009
2012-11-24 9:00,4,0,0,2,10.66,10.605,41,30.0026
2012-11-24 10:00,4,0,0,2,10.66,11.365,44,19.9995
2012-11-24 11:00,4,0,0,2,11.48,12.88,41,19.9995
2012-11-24 12:00,4,0,0,2,12.3,12.88,36,40.9973
2012-11-24 13:00,4,0,0,1,13.12,15.15,36,22.0028
2012-11-24 14:00,4,0,0,1,13.12,14.395,33,31.0009
2012-11-24 15:00,4,0,0,1,12.3,13.635,36,31.0009
2012-11-24 16:00,4,0,0,1,11.48,12.12,38,30.0026
2012-11-24 17:00,4,0,0,1,10.66,11.365,41,26.0027
2012-11-24 18:00,4,0,0,1,10.66,11.365,38,26.0027
2012-11-24 19:00,4,0,0,1,10.66,12.12,41,16.9979
2012-11-24 20:00,4,0,0,1,9.84,10.605,44,19.0012
2012-11-24 21:00,4,0,0,1,9.84,11.365,44,12.998
2012-11-24 22:00,4,0,0,1,9.84,11.365,44,16.9979
2012-11-24 23:00,4,0,0,1,9.84,11.365,44,12.998
2012-11-25 0:00,4,0,0,1,9.02,10.605,47,16.9979
2012-11-25 1:00,4,0,0,1,9.02,11.365,44,12.998
2012-11-25 2:00,4,0,0,1,9.02,9.85,44,23.9994
2012-11-25 3:00,4,0,0,1,9.02,13.635,44,0
2012-11-25 4:00,4,0,0,1,9.02,13.635,44,0
2012-11-25 5:00,4,0,0,2,9.02,11.365,47,11.0014
2012-11-25 6:00,4,0,0,2,9.02,12.12,47,7.0015
2012-11-25 7:00,4,0,0,2,9.02,12.12,51,7.0015
2012-11-25 8:00,4,0,0,2,9.02,11.365,51,12.998
2012-11-25 9:00,4,0,0,2,9.84,11.365,48,15.0013
2012-11-25 10:00,4,0,0,1,9.84,11.365,48,16.9979
2012-11-25 11:00,4,0,0,2,10.66,12.88,41,15.0013
2012-11-25 12:00,4,0,0,2,10.66,12.88,41,15.0013
2012-11-25 13:00,4,0,0,2,10.66,12.88,41,11.0014
2012-11-25 14:00,4,0,0,2,12.3,14.395,42,16.9979
2012-11-25 15:00,4,0,0,1,12.3,14.395,42,16.9979
2012-11-25 16:00,4,0,0,1,12.3,14.395,39,15.0013
2012-11-25 17:00,4,0,0,1,11.48,13.635,41,11.0014
2012-11-25 18:00,4,0,0,1,10.66,12.88,44,11.0014
2012-11-25 19:00,4,0,0,1,10.66,15.15,41,0
2012-11-25 20:00,4,0,0,1,9.84,14.395,60,0
2012-11-25 21:00,4,0,0,1,10.66,15.15,48,0
2012-11-25 22:00,4,0,0,1,9.84,14.395,60,0
2012-11-25 23:00,4,0,0,1,9.02,12.88,69,6.0032
2012-11-26 0:00,4,0,1,1,9.02,13.635,69,0
2012-11-26 1:00,4,0,1,1,8.2,12.88,69,0
2012-11-26 2:00,4,0,1,1,8.2,12.88,69,0
2012-11-26 3:00,4,0,1,1,8.2,12.88,69,0
2012-11-26 4:00,4,0,1,1,9.02,13.635,69,0
2012-11-26 5:00,4,0,1,1,9.02,11.365,69,11.0014
2012-11-26 6:00,4,0,1,1,9.02,13.635,69,0
2012-11-26 7:00,4,0,1,1,9.84,14.395,65,0
2012-11-26 8:00,4,0,1,1,9.84,14.395,65,0
2012-11-26 9:00,4,0,1,1,11.48,15.15,56,6.0032
2012-11-26 10:00,4,0,1,1,13.12,17.425,49,0
2012-11-26 11:00,4,0,1,1,16.4,20.455,37,19.9995
2012-11-26 12:00,4,0,1,1,17.22,21.21,35,7.0015
2012-11-26 13:00,4,0,1,1,17.22,21.21,35,7.0015
2012-11-26 14:00,4,0,1,1,17.22,21.21,35,0
2012-11-26 15:00,4,0,1,1,17.22,21.21,35,6.0032
2012-11-26 16:00,4,0,1,1,18.04,21.97,30,0
2012-11-26 17:00,4,0,1,1,17.22,21.21,32,0
2012-11-26 18:00,4,0,1,1,14.76,17.425,50,11.0014
2012-11-26 19:00,4,0,1,1,13.94,18.18,53,0
2012-11-26 20:00,4,0,1,1,13.94,18.18,49,0
2012-11-26 21:00,4,0,1,1,13.94,18.18,49,0
2012-11-26 22:00,4,0,1,1,13.12,17.425,61,0
2012-11-26 23:00,4,0,1,2,13.12,16.665,66,7.0015
2012-11-27 0:00,4,0,1,2,13.12,16.665,66,6.0032
2012-11-27 1:00,4,0,1,2,13.12,16.665,70,8.9981
2012-11-27 2:00,4,0,1,2,13.12,15.91,70,11.0014
2012-11-27 3:00,4,0,1,3,13.12,16.665,70,8.9981
2012-11-27 4:00,4,0,1,3,12.3,14.395,81,12.998
2012-11-27 5:00,4,0,1,2,12.3,14.395,81,15.0013
2012-11-27 6:00,4,0,1,2,12.3,15.15,81,11.0014
2012-11-27 7:00,4,0,1,3,12.3,15.15,81,8.9981
2012-11-27 8:00,4,0,1,3,13.12,15.91,81,11.0014
2012-11-27 9:00,4,0,1,2,13.12,16.665,81,8.9981
2012-11-27 10:00,4,0,1,3,13.12,15.91,81,12.998
2012-11-27 11:00,4,0,1,3,12.3,13.635,87,19.9995
2012-11-27 12:00,4,0,1,3,11.48,12.88,87,26.0027
2012-11-27 13:00,4,0,1,3,11.48,13.635,87,16.9979
2012-11-27 14:00,4,0,1,3,11.48,12.88,87,23.9994
2012-11-27 15:00,4,0,1,2,12.3,13.635,75,19.9995
2012-11-27 16:00,4,0,1,2,12.3,13.635,75,19.9995
2012-11-27 17:00,4,0,1,2,12.3,13.635,75,26.0027
2012-11-27 18:00,4,0,1,1,10.66,11.365,81,23.9994
2012-11-27 19:00,4,0,1,1,10.66,12.88,73,19.9995
2012-11-27 20:00,4,0,1,1,10.66,11.365,75,22.0028
2012-11-27 21:00,4,0,1,1,9.84,10.605,81,19.0012
2012-11-27 22:00,4,0,1,1,9.84,12.12,81,11.0014
2012-11-27 23:00,4,0,1,2,10.66,12.12,81,16.9979
2012-11-28 0:00,4,0,1,2,10.66,12.12,75,16.9979
2012-11-28 1:00,4,0,1,2,10.66,12.88,75,15.0013
2012-11-28 2:00,4,0,1,2,10.66,12.88,75,15.0013
2012-11-28 3:00,4,0,1,2,10.66,12.88,70,15.0013
2012-11-28 4:00,4,0,1,2,10.66,12.88,70,12.998
2012-11-28 5:00,4,0,1,2,10.66,13.635,70,8.9981
2012-11-28 6:00,4,0,1,2,10.66,12.88,65,15.0013
2012-11-28 7:00,4,0,1,2,10.66,12.88,56,12.998
2012-11-28 8:00,4,0,1,1,9.84,10.605,60,19.0012
2012-11-28 9:00,4,0,1,1,11.48,13.635,52,12.998
2012-11-28 10:00,4,0,1,1,12.3,15.91,49,7.0015
2012-11-28 11:00,4,0,1,1,13.12,15.91,45,11.0014
2012-11-28 12:00,4,0,1,1,13.94,15.15,42,26.0027
2012-11-28 13:00,4,0,1,1,13.94,16.665,42,12.998
2012-11-28 14:00,4,0,1,1,14.76,16.665,40,19.9995
2012-11-28 15:00,4,0,1,1,14.76,16.665,32,22.0028
2012-11-28 16:00,4,0,1,1,14.76,16.665,29,16.9979
2012-11-28 17:00,4,0,1,1,13.94,16.665,31,8.9981
2012-11-28 18:00,4,0,1,1,13.12,15.15,33,19.0012
2012-11-28 19:00,4,0,1,1,13.12,15.91,36,11.0014
2012-11-28 20:00,4,0,1,1,13.12,16.665,36,8.9981
2012-11-28 21:00,4,0,1,1,12.3,15.15,39,11.0014
2012-11-28 22:00,4,0,1,1,11.48,13.635,45,11.0014
2012-11-28 23:00,4,0,1,1,10.66,13.635,48,8.9981
2012-11-29 0:00,4,0,1,1,9.84,12.88,56,6.0032
2012-11-29 1:00,4,0,1,1,9.02,12.88,64,6.0032
2012-11-29 2:00,4,0,1,1,9.02,13.635,64,0
2012-11-29 4:00,4,0,1,1,8.2,11.365,75,6.0032
2012-11-29 5:00,4,0,1,1,8.2,12.88,69,0
2012-11-29 6:00,4,0,1,1,9.02,13.635,69,0
2012-11-29 7:00,4,0,1,1,8.2,12.88,64,0
2012-11-29 8:00,4,0,1,1,8.2,11.365,69,7.0015
2012-11-29 9:00,4,0,1,1,9.84,14.395,60,0
2012-11-29 10:00,4,0,1,1,11.48,15.15,65,6.0032
2012-11-29 11:00,4,0,1,1,14.76,17.425,37,15.0013
2012-11-29 12:00,4,0,1,1,14.76,17.425,40,11.0014
2012-11-29 13:00,4,0,1,1,15.58,19.695,32,8.9981
2012-11-29 14:00,4,0,1,1,14.76,17.425,43,15.0013
2012-11-29 15:00,4,0,1,1,14.76,16.665,43,19.0012
2012-11-29 16:00,4,0,1,1,14.76,17.425,40,15.0013
2012-11-29 17:00,4,0,1,1,13.94,16.665,39,12.998
2012-11-29 18:00,4,0,1,1,13.12,15.91,49,11.0014
2012-11-29 19:00,4,0,1,1,12.3,14.395,52,12.998
2012-11-29 20:00,4,0,1,1,12.3,15.15,52,11.0014
2012-11-29 21:00,4,0,1,1,10.66,13.635,65,8.9981
2012-11-29 22:00,4,0,1,1,10.66,14.395,70,6.0032
2012-11-29 23:00,4,0,1,1,11.48,15.91,61,0
2012-11-30 0:00,4,0,1,1,10.66,12.88,70,11.0014
2012-11-30 1:00,4,0,1,1,9.84,12.88,70,6.0032
2012-11-30 2:00,4,0,1,1,9.84,14.395,75,0
2012-11-30 3:00,4,0,1,1,9.84,14.395,75,0
2012-11-30 4:00,4,0,1,1,9.02,13.635,75,0
2012-11-30 5:00,4,0,1,1,8.2,12.88,80,0
2012-11-30 6:00,4,0,1,1,8.2,12.88,86,0
2012-11-30 7:00,4,0,1,1,9.02,13.635,80,0
2012-11-30 8:00,4,0,1,2,9.02,12.88,80,6.0032
2012-11-30 9:00,4,0,1,1,9.84,12.88,75,6.0032
2012-11-30 10:00,4,0,1,2,12.3,16.665,65,0
2012-11-30 11:00,4,0,1,2,13.94,17.425,53,6.0032
2012-11-30 12:00,4,0,1,2,15.58,19.695,46,0
2012-11-30 13:00,4,0,1,2,16.4,20.455,40,11.0014
2012-11-30 14:00,4,0,1,2,16.4,20.455,40,7.0015
2012-11-30 15:00,4,0,1,2,17.22,21.21,38,7.0015
2012-11-30 16:00,4,0,1,1,16.4,20.455,43,8.9981
2012-11-30 17:00,4,0,1,1,14.76,17.425,50,12.998
2012-11-30 18:00,4,0,1,2,13.94,18.18,61,0
2012-11-30 19:00,4,0,1,1,13.12,17.425,66,0
2012-11-30 20:00,4,0,1,1,13.12,17.425,66,0
2012-11-30 21:00,4,0,1,1,12.3,15.91,75,6.0032
2012-11-30 22:00,4,0,1,1,12.3,16.665,75,0
2012-11-30 23:00,4,0,1,2,12.3,15.91,75,6.0032
2012-12-20 0:00,4,0,1,1,13.12,16.665,61,8.9981
2012-12-20 1:00,4,0,1,1,13.12,17.425,66,0
2012-12-20 2:00,4,0,1,1,13.12,17.425,66,0
2012-12-20 3:00,4,0,1,2,12.3,15.91,70,6.0032
2012-12-20 4:00,4,0,1,2,12.3,15.91,70,6.0032
2012-12-20 5:00,4,0,1,2,12.3,15.91,70,7.0015
2012-12-20 6:00,4,0,1,2,12.3,16.665,65,0
2012-12-20 7:00,4,0,1,2,12.3,16.665,70,0
2012-12-20 8:00,4,0,1,2,12.3,16.665,70,0
2012-12-20 9:00,4,0,1,2,12.3,16.665,70,0
2012-12-20 10:00,4,0,1,2,13.12,16.665,66,0
2012-12-20 11:00,4,0,1,2,13.94,15.91,57,15.0013
2012-12-20 12:00,4,0,1,2,14.76,17.425,53,11.0014
2012-12-20 13:00,4,0,1,2,14.76,17.425,57,12.998
2012-12-20 14:00,4,0,1,2,14.76,17.425,53,12.998
2012-12-20 15:00,4,0,1,2,13.94,16.665,57,12.998
2012-12-20 16:00,4,0,1,2,13.94,15.15,53,22.0028
2012-12-20 17:00,4,0,1,2,13.94,16.665,66,12.998
2012-12-20 18:00,4,0,1,2,13.94,16.665,71,12.998
2012-12-20 19:00,4,0,1,3,13.94,15.91,71,16.9979
2012-12-20 20:00,4,0,1,3,13.94,16.665,76,11.0014
2012-12-20 21:00,4,0,1,3,13.94,16.665,76,11.0014
2012-12-20 22:00,4,0,1,3,13.94,16.665,87,12.998
2012-12-20 23:00,4,0,1,3,16.4,20.455,82,19.9995
2012-12-21 0:00,1,0,1,3,17.22,21.21,88,19.9995
2012-12-21 1:00,1,0,1,3,18.04,21.97,88,26.0027
2012-12-21 2:00,1,0,1,3,18.86,22.725,94,26.0027
2012-12-21 3:00,1,0,1,3,18.86,22.725,94,26.0027
2012-12-21 4:00,1,0,1,2,14.76,15.91,71,32.9975
2012-12-21 5:00,1,0,1,2,13.94,15.15,76,27.9993
2012-12-21 6:00,1,0,1,2,13.94,14.395,57,39.0007
2012-12-21 7:00,1,0,1,2,13.12,15.91,57,12.998
2012-12-21 8:00,1,0,1,2,13.12,15.15,57,19.0012
2012-12-21 9:00,1,0,1,2,13.12,13.635,45,36.9974
2012-12-21 10:00,1,0,1,1,13.12,14.395,42,31.0009
2012-12-21 11:00,1,0,1,2,13.12,14.395,42,27.9993
2012-12-21 12:00,1,0,1,2,13.12,14.395,39,23.9994
2012-12-21 13:00,1,0,1,2,13.12,14.395,39,27.9993
2012-12-21 14:00,1,0,1,2,13.12,14.395,39,30.0026
2012-12-21 15:00,1,0,1,2,12.3,13.635,42,26.0027
2012-12-21 16:00,1,0,1,2,12.3,13.635,39,22.0028
2012-12-21 17:00,1,0,1,2,10.66,11.365,56,22.0028
2012-12-21 18:00,1,0,1,2,10.66,11.365,56,19.9995
2012-12-21 19:00,1,0,1,1,11.48,12.88,45,19.9995
2012-12-21 20:00,1,0,1,1,11.48,13.635,41,16.9979
2012-12-21 21:00,1,0,1,1,10.66,11.365,41,27.9993
2012-12-21 22:00,1,0,1,1,10.66,11.365,44,19.9995
2012-12-21 23:00,1,0,1,1,10.66,12.12,44,19.0012
2012-12-22 0:00,1,0,0,1,10.66,10.605,44,39.0007
2012-12-22 1:00,1,0,0,1,10.66,10.605,44,30.0026
2012-12-22 2:00,1,0,0,1,10.66,10.605,44,35.0008
2012-12-22 3:00,1,0,0,1,10.66,10.605,48,30.0026
2012-12-22 4:00,1,0,0,1,10.66,12.88,48,12.998
2012-12-22 5:00,1,0,0,1,10.66,11.365,48,27.9993
2012-12-22 6:00,1,0,0,1,10.66,11.365,44,27.9993
2012-12-22 7:00,1,0,0,1,10.66,11.365,44,27.9993
2012-12-22 8:00,1,0,0,1,10.66,10.605,44,40.9973
2012-12-22 9:00,1,0,0,1,10.66,11.365,48,26.0027
2012-12-22 10:00,1,0,0,1,10.66,11.365,48,22.0028
2012-12-22 11:00,1,0,0,1,11.48,12.88,41,23.9994
2012-12-22 12:00,1,0,0,1,12.3,12.88,36,43.9989
2012-12-22 13:00,1,0,0,1,13.12,14.395,36,30.0026
2012-12-22 14:00,1,0,0,1,13.12,14.395,36,31.0009
2012-12-22 15:00,1,0,0,1,13.12,13.635,33,39.0007
2012-12-22 16:00,1,0,0,1,12.3,13.635,39,30.0026
2012-12-22 17:00,1,0,0,1,11.48,12.88,41,19.9995
2012-12-22 18:00,1,0,0,1,10.66,10.605,44,31.0009
2012-12-22 19:00,1,0,0,1,9.84,10.605,48,23.9994
2012-12-22 20:00,1,0,0,1,9.84,12.12,48,11.0014
2012-12-22 21:00,1,0,0,1,9.02,10.605,51,19.0012
2012-12-22 22:00,1,0,0,1,9.02,10.605,51,19.0012
2012-12-22 23:00,1,0,0,1,9.02,11.365,51,12.998
2012-12-23 0:00,1,0,0,1,9.02,10.605,47,19.0012
2012-12-23 1:00,1,0,0,1,9.02,11.365,47,12.998
2012-12-23 2:00,1,0,0,1,8.2,10.605,51,11.0014
2012-12-23 3:00,1,0,0,1,8.2,10.605,51,8.9981
2012-12-23 4:00,1,0,0,1,8.2,10.605,47,8.9981
2012-12-23 5:00,1,0,0,1,8.2,12.88,51,0
2012-12-23 6:00,1,0,0,1,6.56,9.85,64,6.0032
2012-12-23 7:00,1,0,0,1,6.56,9.85,64,6.0032
2012-12-23 8:00,1,0,0,1,5.74,8.335,69,7.0015
2012-12-23 9:00,1,0,0,1,8.2,11.365,59,7.0015
2012-12-23 10:00,1,0,0,1,9.02,11.365,64,12.998
2012-12-23 11:00,1,0,0,1,9.84,11.365,52,12.998
2012-12-23 12:00,1,0,0,1,12.3,14.395,42,12.998
2012-12-23 13:00,1,0,0,1,13.12,15.15,39,15.0013
2012-12-23 14:00,1,0,0,1,13.94,15.15,31,19.9995
2012-12-23 15:00,1,0,0,1,13.94,16.665,34,8.9981
2012-12-23 16:00,1,0,0,1,13.94,16.665,34,12.998
2012-12-23 17:00,1,0,0,1,13.12,15.91,49,12.998
2012-12-23 18:00,1,0,0,1,12.3,15.15,45,11.0014
2012-12-23 19:00,1,0,0,1,12.3,16.665,42,0
2012-12-23 20:00,1,0,0,1,10.66,15.15,65,0
2012-12-23 21:00,1,0,0,1,9.84,14.395,70,0
2012-12-23 22:00,1,0,0,1,9.84,12.88,60,7.0015
2012-12-23 23:00,1,0,0,1,9.84,14.395,60,0
2012-12-24 0:00,1,0,1,1,9.02,13.635,69,0
2012-12-24 1:00,1,0,1,1,9.02,13.635,69,0
2012-12-24 2:00,1,0,1,1,8.2,12.88,75,0
2012-12-24 3:00,1,0,1,1,8.2,12.88,75,0
2012-12-24 5:00,1,0,1,1,7.38,9.85,80,8.9981
2012-12-24 6:00,1,0,1,1,8.2,12.88,75,0
2012-12-24 7:00,1,0,1,1,8.2,12.88,69,0
2012-12-24 8:00,1,0,1,1,9.02,13.635,69,0
2012-12-24 9:00,1,0,1,2,9.84,12.88,65,7.0015
2012-12-24 10:00,1,0,1,2,10.66,15.15,65,0
2012-12-24 11:00,1,0,1,2,10.66,12.88,60,11.0014
2012-12-24 12:00,1,0,1,2,11.48,15.15,56,6.0032
2012-12-24 13:00,1,0,1,3,9.84,12.88,81,7.0015
2012-12-24 14:00,1,0,1,3,9.84,12.88,87,7.0015
2012-12-24 15:00,1,0,1,3,9.84,11.365,87,15.0013
2012-12-24 16:00,1,0,1,3,9.84,11.365,87,15.0013
2012-12-24 17:00,1,0,1,3,9.84,12.12,93,11.0014
2012-12-24 18:00,1,0,1,3,9.84,12.88,93,7.0015
2012-12-24 19:00,1,0,1,2,9.84,12.12,93,8.9981
2012-12-24 20:00,1,0,1,3,9.84,12.12,93,8.9981
2012-12-24 21:00,1,0,1,3,9.84,12.88,93,6.0032
2012-12-24 22:00,1,0,1,2,9.84,14.395,93,0
2012-12-24 23:00,1,0,1,3,9.84,14.395,93,0
2012-12-25 0:00,1,1,0,3,9.84,12.88,93,6.0032
2012-12-25 1:00,1,1,0,2,10.66,12.88,87,11.0014
2012-12-25 2:00,1,1,0,2,10.66,12.88,87,11.0014
2012-12-25 4:00,1,1,0,2,9.84,12.88,87,6.0032
2012-12-25 5:00,1,1,0,2,9.02,11.365,93,8.9981
2012-12-25 6:00,1,1,0,2,9.02,11.365,93,8.9981
2012-12-25 7:00,1,1,0,2,9.02,11.365,93,11.0014
2012-12-25 8:00,1,1,0,2,9.84,14.395,87,0
2012-12-25 9:00,1,1,0,2,9.84,12.88,87,0
2012-12-25 10:00,1,1,0,1,11.48,15.91,81,0
2012-12-25 11:00,1,1,0,1,12.3,15.91,75,6.0032
2012-12-25 12:00,1,1,0,1,13.12,16.665,76,6.0032
2012-12-25 13:00,1,1,0,1,16.4,20.455,50,22.0028
2012-12-25 14:00,1,1,0,1,15.58,19.695,46,19.9995
2012-12-25 15:00,1,1,0,1,14.76,16.665,50,16.9979
2012-12-25 16:00,1,1,0,2,14.76,16.665,50,16.9979
2012-12-25 17:00,1,1,0,2,13.12,15.15,57,16.9979
2012-12-25 18:00,1,1,0,2,13.12,15.15,66,16.9979
2012-12-25 19:00,1,1,0,2,13.12,15.15,66,15.0013
2012-12-25 20:00,1,1,0,2,13.12,15.15,66,19.0012
2012-12-25 21:00,1,1,0,2,12.3,14.395,65,12.998
2012-12-25 22:00,1,1,0,2,12.3,15.15,70,11.0014
2012-12-25 23:00,1,1,0,2,11.48,13.635,65,16.9979
2012-12-26 0:00,1,0,1,2,11.48,13.635,65,16.9979
2012-12-26 1:00,1,0,1,2,10.66,11.365,65,19.9995
2012-12-26 2:00,1,0,1,2,10.66,11.365,65,19.9995
2012-12-26 3:00,1,0,1,2,9.84,10.605,70,23.9994
2012-12-26 4:00,1,0,1,1,9.02,9.85,69,23.9994
2012-12-26 5:00,1,0,1,2,9.02,10.605,69,19.0012
2012-12-26 6:00,1,0,1,2,9.02,10.605,69,15.0013
2012-12-26 7:00,1,0,1,3,8.2,9.09,86,22.0028
2012-12-26 8:00,1,0,1,3,8.2,9.09,86,22.0028
2012-12-26 9:00,1,0,1,3,8.2,9.09,86,22.0028
2012-12-26 10:00,1,0,1,3,8.2,9.09,86,19.9995
2012-12-26 11:00,1,0,1,3,8.2,8.335,86,31.0009
2012-12-26 12:00,1,0,1,3,9.02,9.85,87,22.0028
2012-12-26 13:00,1,0,1,3,9.02,9.85,87,22.0028
2012-12-26 14:00,1,0,1,3,9.02,10.605,93,16.9979
2012-12-26 15:00,1,0,1,3,10.66,11.365,87,23.9994
2012-12-26 16:00,1,0,1,3,10.66,11.365,87,23.9994
2012-12-26 17:00,1,0,1,3,10.66,11.365,93,23.9994
2012-12-26 18:00,1,0,1,3,11.48,12.88,93,19.9995
2012-12-26 19:00,1,0,1,3,12.3,14.395,87,12.998
2012-12-26 20:00,1,0,1,3,13.12,15.15,93,16.9979
2012-12-26 21:00,1,0,1,2,12.3,13.635,87,19.9995
2012-12-26 22:00,1,0,1,3,9.84,9.85,93,30.0026
2012-12-26 23:00,1,0,1,3,10.66,11.365,87,19.9995
2012-12-27 0:00,1,0,1,3,10.66,11.365,87,19.9995
2012-12-27 1:00,1,0,1,3,9.84,9.85,93,30.0026
2012-12-27 2:00,1,0,1,2,9.84,9.85,87,30.0026
2012-12-27 3:00,1,0,1,2,9.84,11.365,87,15.0013
2012-12-27 4:00,1,0,1,2,9.84,10.605,87,22.0028
2012-12-27 5:00,1,0,1,1,9.84,12.12,75,11.0014
2012-12-27 6:00,1,0,1,1,9.84,9.85,70,32.9975
2012-12-27 7:00,1,0,1,1,9.84,11.365,70,15.0013
2012-12-27 8:00,1,0,1,1,10.66,11.365,65,23.9994
2012-12-27 9:00,1,0,1,1,10.66,10.605,60,32.9975
2012-12-27 10:00,1,0,1,1,11.48,11.365,56,35.0008
2012-12-27 11:00,1,0,1,2,11.48,12.12,56,30.0026
2012-12-27 12:00,1,0,1,1,12.3,13.635,49,31.0009
2012-12-27 13:00,1,0,1,1,12.3,13.635,49,31.0009
2012-12-27 14:00,1,0,1,2,10.66,10.605,56,35.0008
2012-12-27 15:00,1,0,1,2,10.66,10.605,56,30.0026
2012-12-27 16:00,1,0,1,2,10.66,12.12,52,19.0012
2012-12-27 17:00,1,0,1,2,10.66,12.12,52,19.0012
2012-12-27 18:00,1,0,1,2,9.84,11.365,60,16.9979
2012-12-27 19:00,1,0,1,1,9.84,10.605,60,19.0012
2012-12-27 20:00,1,0,1,1,9.84,12.12,60,11.0014
2012-12-27 21:00,1,0,1,2,9.84,11.365,60,16.9979
2012-12-27 22:00,1,0,1,2,9.84,10.605,60,19.0012
2012-12-27 23:00,1,0,1,2,9.84,11.365,60,16.9979
2012-12-28 0:00,1,0,1,2,9.84,12.12,60,11.0014
2012-12-28 1:00,1,0,1,1,9.84,11.365,60,12.998
2012-12-28 2:00,1,0,1,1,9.84,11.365,60,16.9979
2012-12-28 3:00,1,0,1,2,9.84,12.12,60,11.0014
2012-12-28 4:00,1,0,1,2,9.84,12.88,60,7.0015
2012-12-28 5:00,1,0,1,2,9.84,12.88,60,6.0032
2012-12-28 6:00,1,0,1,1,9.02,10.605,64,19.0012
2012-12-28 7:00,1,0,1,1,9.02,11.365,64,11.0014
2012-12-28 8:00,1,0,1,2,9.84,12.12,60,8.9981
2012-12-28 9:00,1,0,1,2,9.84,10.605,60,19.0012
2012-12-28 10:00,1,0,1,2,10.66,12.12,56,16.9979
2012-12-28 11:00,1,0,1,2,11.48,13.635,52,15.0013
2012-12-28 12:00,1,0,1,2,12.3,15.15,49,8.9981
2012-12-28 13:00,1,0,1,2,12.3,15.15,49,8.9981
2012-12-28 14:00,1,0,1,2,12.3,15.15,49,8.9981
2012-12-28 15:00,1,0,1,2,12.3,15.91,49,0
2012-12-28 16:00,1,0,1,1,12.3,15.15,49,8.9981
2012-12-28 17:00,1,0,1,1,9.84,12.12,60,8.9981
2012-12-28 18:00,1,0,1,1,9.84,12.12,60,8.9981
2012-12-28 19:00,1,0,1,2,9.84,11.365,65,12.998
2012-12-28 20:00,1,0,1,2,9.84,12.88,65,7.0015
2012-12-28 21:00,1,0,1,2,9.84,12.12,70,8.9981
2012-12-28 22:00,1,0,1,2,9.84,12.88,70,6.0032
2012-12-28 23:00,1,0,1,2,9.84,12.88,65,6.0032
2012-12-29 0:00,1,0,0,2,9.84,12.12,70,0
2012-12-29 1:00,1,0,0,2,9.84,12.12,75,6.0032
2012-12-29 2:00,1,0,0,2,9.84,12.12,70,0
2012-12-29 3:00,1,0,0,2,9.84,12.12,75,0
2012-12-29 4:00,1,0,0,2,9.84,12.12,75,6.0032
2012-12-29 5:00,1,0,0,2,9.84,12.12,75,6.0032
2012-12-29 6:00,1,0,0,2,10.66,12.12,70,7.0015
2012-12-29 7:00,1,0,0,2,10.66,12.12,70,8.9981
2012-12-29 8:00,1,0,0,2,10.66,12.12,81,0
2012-12-29 9:00,1,0,0,2,10.66,12.12,81,0
2012-12-29 10:00,1,0,0,3,10.66,12.12,81,8.9981
2012-12-29 11:00,1,0,0,3,8.2,12.12,93,6.0032
2012-12-29 12:00,1,0,0,3,8.2,12.12,100,0
2012-12-29 13:00,1,0,0,3,8.2,12.12,100,0
2012-12-29 14:00,1,0,0,2,9.84,12.12,87,6.0032
2012-12-29 15:00,1,0,0,2,9.84,12.12,87,0
2012-12-29 16:00,1,0,0,1,12.3,12.12,75,7.0015
2012-12-29 17:00,1,0,0,1,10.66,12.12,79,7.0015
2012-12-29 18:00,1,0,0,1,12.3,12.12,70,12.998
2012-12-29 19:00,1,0,0,2,12.3,12.12,61,16.9979
2012-12-29 20:00,1,0,0,2,12.3,12.12,56,36.9974
2012-12-29 21:00,1,0,0,2,11.48,12.12,56,32.9975
2012-12-29 22:00,1,0,0,2,10.66,12.12,60,31.0009
2012-12-29 23:00,1,0,0,2,10.66,12.12,60,0
2012-12-30 0:00,1,0,0,2,10.66,12.88,60,11.0014
2012-12-30 1:00,1,0,0,2,10.66,11.365,56,27.9993
2012-12-30 2:00,1,0,0,2,10.66,12.12,56,19.0012
2012-12-30 3:00,1,0,0,2,10.66,11.365,56,27.9993
2012-12-30 4:00,1,0,0,2,10.66,12.88,56,15.0013
2012-12-30 5:00,1,0,0,2,10.66,11.365,48,19.9995
2012-12-30 6:00,1,0,0,2,9.84,9.85,52,27.9993
2012-12-30 7:00,1,0,0,1,9.84,10.605,56,23.9994
2012-12-30 8:00,1,0,0,1,9.84,9.85,52,31.0009
2012-12-30 9:00,1,0,0,1,9.84,10.605,52,26.0027
2012-12-30 10:00,1,0,0,1,10.66,10.605,41,39.0007
2012-12-30 11:00,1,0,0,1,10.66,11.365,41,27.9993
2012-12-30 12:00,1,0,0,1,11.48,11.365,36,39.0007
2012-12-30 13:00,1,0,0,1,12.3,12.88,36,43.9989
2012-12-30 14:00,1,0,0,1,12.3,13.635,36,31.0009
2012-12-30 15:00,1,0,0,1,11.48,12.88,38,22.0028
2012-12-30 16:00,1,0,0,1,11.48,12.12,38,27.9993
2012-12-30 17:00,1,0,0,1,10.66,11.365,41,22.0028
2012-12-30 18:00,1,0,0,2,9.84,10.605,44,19.9995
2012-12-30 19:00,1,0,0,1,13.94,18.18,61,0
2012-12-30 20:00,1,0,0,1,9.02,9.85,47,22.0028
2012-12-30 21:00,1,0,0,1,8.2,10.605,51,11.0014
2012-12-30 22:00,1,0,0,1,8.2,9.85,55,12.998
2012-12-30 23:00,1,0,0,1,8.2,9.85,51,15.0013
2012-12-31 0:00,1,0,1,1,7.38,9.09,55,12.998
2012-12-31 1:00,1,0,1,1,7.38,9.09,55,12.998
2012-12-31 2:00,1,0,1,1,6.56,8.335,59,11.0014
2012-12-31 3:00,1,0,1,1,6.56,9.09,59,7.0015
2012-12-31 4:00,1,0,1,1,5.74,8.335,69,7.0015
2012-12-31 5:00,1,0,1,1,6.56,7.575,64,12.998
2012-12-31 6:00,1,0,1,1,6.56,8.335,64,11.0014
2012-12-31 7:00,1,0,1,1,6.56,9.09,64,8.9981
2012-12-31 8:00,1,0,1,1,5.74,7.575,69,8.9981
2012-12-31 9:00,1,0,1,2,7.38,10.605,64,7.0015
2012-12-31 10:00,1,0,1,2,8.2,10.605,69,8.9981
2012-12-31 11:00,1,0,1,2,9.02,11.365,60,12.998
2012-12-31 12:00,1,0,1,2,9.84,11.365,56,12.998
2012-12-31 13:00,1,0,1,2,10.66,12.88,44,11.0014
2012-12-31 14:00,1,0,1,2,11.48,13.635,45,15.0013
2012-12-31 15:00,1,0,1,2,11.48,14.395,45,8.9981
2012-12-31 16:00,1,0,1,2,10.66,12.88,48,12.998
2012-12-31 17:00,1,0,1,2,10.66,14.395,48,6.0032
2012-12-31 18:00,1,0,1,2,10.66,13.635,48,8.9981
2012-12-31 19:00,1,0,1,2,10.66,12.88,60,11.0014
2012-12-31 20:00,1,0,1,2,10.66,12.88,60,11.0014
2012-12-31 21:00,1,0,1,1,10.66,12.88,60,11.0014
2012-12-31 22:00,1,0,1,1,10.66,13.635,56,8.9981
2012-12-31 23:00,1,0,1,1,10.66,13.635,65,8.9981
